-0.2287217467612283,0.5456717082090790,-0.8061815858841471,-182.4177246093750000,-0.9687454092309645,-0.2092579873540347,0.1332044549648015,239.5688171386718750,-0.0960140336222979,0.8114514659477328,0.5764788146661174,52.0412521362304688,0.0000000000000000,0.0000000000000000,0.0000000000000000,1.0000000000000000
-0.2287217467612283,0.5456717082090790,-0.8061815858841471,-182.4177246093750000,-0.9687454092309645,-0.2092579873540347,0.1332044549648015,239.5688171386718750,-0.0960140336222979,0.8114514659477328,0.5764788146661174,52.0412521362304688,0.0000000000000000,0.0000000000000000,0.0000000000000000,1.0000000000000000
-0.2287217467612283,0.5456717082090790,-0.8061815858841471,-182.4177246093750000,-0.9687454092309645,-0.2092579873540347,0.1332044549648015,239.5688171386718750,-0.0960140336222979,0.8114514659477328,0.5764788146661174,52.0412521362304688,0.0000000000000000,0.0000000000000000,0.0000000000000000,1.0000000000000000
-0.2287217467612283,0.5456717082090790,-0.8061815858841471,-182.4177246093750000,-0.9687454092309645,-0.2092579873540347,0.1332044549648015,239.5688171386718750,-0.0960140336222979,0.8114514659477328,0.5764788146661174,52.0412521362304688,0.0000000000000000,0.0000000000000000,0.0000000000000000,1.0000000000000000
-0.2287217467612283,0.5456717082090790,-0.8061815858841471,-182.4177246093750000,-0.9687454092309645,-0.2092579873540347,0.1332044549648015,239.5688171386718750,-0.0960140336222979,0.8114514659477328,0.5764788146661174,52.0412521362304688,0.0000000000000000,0.0000000000000000,0.0000000000000000,1.0000000000000000
-0.2287217467612283,0.5456717082090790,-0.8061815858841471,-182.4177246093750000,-0.9687454092309645,-0.2092579873540347,0.1332044549648015,239.5688171386718750,-0.0960140336222979,0.8114514659477328,0.5764788146661174,52.0412521362304688,0.0000000000000000,0.0000000000000000,0.0000000000000000,1.0000000000000000
-0.2287217467612283,0.5456717082090790,-0.8061815858841471,-182.4177246093750000,-0.9687454092309645,-0.2092579873540347,0.1332044549648015,239.5688171386718750,-0.0960140336222979,0.8114514659477328,0.5764788146661174,52.0412521362304688,0.0000000000000000,0.0000000000000000,0.0000000000000000,1.0000000000000000
-0.2287217467612283,0.5456717082090790,-0.8061815858841471,-182.4177246093750000,-0.9687454092309645,-0.2092579873540347,0.1332044549648015,239.5688171386718750,-0.0960140336222979,0.8114514659477328,0.5764788146661174,52.0412521362304688,0.0000000000000000,0.0000000000000000,0.0000000000000000,1.0000000000000000
-0.2287217467612283,0.5456717082090790,-0.8061815858841471,-182.4177246093750000,-0.9687454092309645,-0.2092579873540347,0.1332044549648015,239.5688171386718750,-0.0960140336222979,0.8114514659477328,0.5764788146661174,52.0412521362304688,0.0000000000000000,0.0000000000000000,0.0000000000000000,1.0000000000000000
-0.2287217467612283,0.5456717082090790,-0.8061815858841471,-182.4177246093750000,-0.9687454092309645,-0.2092579873540347,0.1332044549648015,239.5688171386718750,-0.0960140336222979,0.8114514659477328,0.5764788146661174,52.0412521362304688,0.0000000000000000,0.0000000000000000,0.0000000000000000,1.0000000000000000
-0.2287217467612283,0.5456717082090790,-0.8061815858841471,-182.4177246093750000,-0.9687454092309645,-0.2092579873540347,0.1332044549648015,239.5688171386718750,-0.0960140336222979,0.8114514659477328,0.5764788146661174,52.0412521362304688,0.0000000000000000,0.0000000000000000,0.0000000000000000,1.0000000000000000
-0.2287217467612283,0.5456717082090790,-0.8061815858841471,-182.4177246093750000,-0.9687454092309645,-0.2092579873540347,0.1332044549648015,239.5688171386718750,-0.0960140336222979,0.8114514659477328,0.5764788146661174,52.0412521362304688,0.0000000000000000,0.0000000000000000,0.0000000000000000,1.0000000000000000
-0.2287217467612283,0.5456717082090790,-0.8061815858841471,-182.4177246093750000,-0.9687454092309645,-0.2092579873540347,0.1332044549648015,239.5688171386718750,-0.0960140336222979,0.8114514659477328,0.5764788146661174,52.0412521362304688,0.0000000000000000,0.0000000000000000,0.0000000000000000,1.0000000000000000
-0.2287217467612283,0.5456717082090790,-0.8061815858841471,-182.4177246093750000,-0.9687454092309645,-0.2092579873540347,0.1332044549648015,239.5688171386718750,-0.0960140336222979,0.8114514659477328,0.5764788146661174,52.0412521362304688,0.0000000000000000,0.0000000000000000,0.0000000000000000,1.0000000000000000
-0.2287217467612283,0.5456717082090790,-0.8061815858841471,-182.4177246093750000,-0.9687454092309645,-0.2092579873540347,0.1332044549648015,239.5688171386718750,-0.0960140336222979,0.8114514659477328,0.5764788146661174,52.0412521362304688,0.0000000000000000,0.0000000000000000,0.0000000000000000,1.0000000000000000
-0.2287217467612283,0.5456717082090790,-0.8061815858841471,-182.4177246093750000,-0.9687454092309645,-0.2092579873540347,0.1332044549648015,239.5688171386718750,-0.0960140336222979,0.8114514659477328,0.5764788146661174,52.0412521362304688,0.0000000000000000,0.0000000000000000,0.0000000000000000,1.0000000000000000
-0.2287217467612283,0.5456717082090790,-0.8061815858841471,-182.4177246093750000,-0.9687454092309645,-0.2092579873540347,0.1332044549648015,239.5688171386718750,-0.0960140336222979,0.8114514659477328,0.5764788146661174,52.0412521362304688,0.0000000000000000,0.0000000000000000,0.0000000000000000,1.0000000000000000
-0.2287217467612283,0.5456717082090790,-0.8061815858841471,-182.4177246093750000,-0.9687454092309645,-0.2092579873540347,0.1332044549648015,239.5688171386718750,-0.0960140336222979,0.8114514659477328,0.5764788146661174,52.0412521362304688,0.0000000000000000,0.0000000000000000,0.0000000000000000,1.0000000000000000
-0.2287217467612283,0.5456717082090790,-0.8061815858841471,-182.4177246093750000,-0.9687454092309645,-0.2092579873540347,0.1332044549648015,239.5688171386718750,-0.0960140336222979,0.8114514659477328,0.5764788146661174,52.0412521362304688,0.0000000000000000,0.0000000000000000,0.0000000000000000,1.0000000000000000
-0.2287217467612283,0.5456717082090790,-0.8061815858841471,-182.4177246093750000,-0.9687454092309645,-0.2092579873540347,0.1332044549648015,239.5688171386718750,-0.0960140336222979,0.8114514659477328,0.5764788146661174,52.0412521362304688,0.0000000000000000,0.0000000000000000,0.0000000000000000,1.0000000000000000
-0.2287217467612283,0.5456717082090790,-0.8061815858841471,-182.4177246093750000,-0.9687454092309645,-0.2092579873540347,0.1332044549648015,239.5688171386718750,-0.0960140336222979,0.8114514659477328,0.5764788146661174,52.0412521362304688,0.0000000000000000,0.0000000000000000,0.0000000000000000,1.0000000000000000
-0.2287217467612283,0.5456717082090790,-0.8061815858841471,-182.4177246093750000,-0.9687454092309645,-0.2092579873540347,0.1332044549648015,239.5688171386718750,-0.0960140336222979,0.8114514659477328,0.5764788146661174,52.0412521362304688,0.0000000000000000,0.0000000000000000,0.0000000000000000,1.0000000000000000
-0.2287217467612283,0.5456717082090790,-0.8061815858841471,-182.4177246093750000,-0.9687454092309645,-0.2092579873540347,0.1332044549648015,239.5688171386718750,-0.0960140336222979,0.8114514659477328,0.5764788146661174,52.0412521362304688,0.0000000000000000,0.0000000000000000,0.0000000000000000,1.0000000000000000
-0.2287217467612283,0.5456717082090790,-0.8061815858841471,-182.4177246093750000,-0.9687454092309645,-0.2092579873540347,0.1332044549648015,239.5688171386718750,-0.0960140336222979,0.8114514659477328,0.5764788146661174,52.0412521362304688,0.0000000000000000,0.0000000000000000,0.0000000000000000,1.0000000000000000
-0.2287217467612283,0.5456717082090790,-0.8061815858841471,-182.4177246093750000,-0.9687454092309645,-0.2092579873540347,0.1332044549648015,239.5688171386718750,-0.0960140336222979,0.8114514659477328,0.5764788146661174,52.0412521362304688,0.0000000000000000,0.0000000000000000,0.0000000000000000,1.0000000000000000
-0.2287217467612283,0.5456717082090790,-0.8061815858841471,-182.4177246093750000,-0.9687454092309645,-0.2092579873540347,0.1332044549648015,239.5688171386718750,-0.0960140336222979,0.8114514659477328,0.5764788146661174,52.0412521362304688,0.0000000000000000,0.0000000000000000,0.0000000000000000,1.0000000000000000
-0.2287217467612283,0.5456717082090790,-0.8061815858841471,-182.4177246093750000,-0.9687454092309645,-0.2092579873540347,0.1332044549648015,239.5688171386718750,-0.0960140336222979,0.8114514659477328,0.5764788146661174,52.0412521362304688,0.0000000000000000,0.0000000000000000,0.0000000000000000,1.0000000000000000
-0.2287217467612283,0.5456717082090790,-0.8061815858841471,-182.4177246093750000,-0.9687454092309645,-0.2092579873540347,0.1332044549648015,239.5688171386718750,-0.0960140336222979,0.8114514659477328,0.5764788146661174,52.0412521362304688,0.0000000000000000,0.0000000000000000,0.0000000000000000,1.0000000000000000
-0.2287217467612283,0.5456717082090790,-0.8061815858841471,-182.4177246093750000,-0.9687454092309645,-0.2092579873540347,0.1332044549648015,239.5688171386718750,-0.0960140336222979,0.8114514659477328,0.5764788146661174,52.0412521362304688,0.0000000000000000,0.0000000000000000,0.0000000000000000,1.0000000000000000
-0.2287217467612283,0.5456717082090790,-0.8061815858841471,-182.4177246093750000,-0.9687454092309645,-0.2092579873540347,0.1332044549648015,239.5688171386718750,-0.0960140336222979,0.8114514659477328,0.5764788146661174,52.0412521362304688,0.0000000000000000,0.0000000000000000,0.0000000000000000,1.0000000000000000
-0.2287217467612283,0.5456717082090790,-0.8061815858841471,-182.4177246093750000,-0.9687454092309645,-0.2092579873540347,0.1332044549648015,239.5688171386718750,-0.0960140336222979,0.8114514659477328,0.5764788146661174,52.0412521362304688,0.0000000000000000,0.0000000000000000,0.0000000000000000,1.0000000000000000
-0.2287217467612283,0.5456717082090790,-0.8061815858841471,-182.4177246093750000,-0.9687454092309645,-0.2092579873540347,0.1332044549648015,239.5688171386718750,-0.0960140336222979,0.8114514659477328,0.5764788146661174,52.0412521362304688,0.0000000000000000,0.0000000000000000,0.0000000000000000,1.0000000000000000
-0.2287217467612283,0.5456717082090790,-0.8061815858841471,-182.4177246093750000,-0.9687454092309645,-0.2092579873540347,0.1332044549648015,239.5688171386718750,-0.0960140336222979,0.8114514659477328,0.5764788146661174,52.0412521362304688,0.0000000000000000,0.0000000000000000,0.0000000000000000,1.0000000000000000
-0.2287217467612283,0.5456717082090790,-0.8061815858841471,-182.4177246093750000,-0.9687454092309645,-0.2092579873540347,0.1332044549648015,239.5688171386718750,-0.0960140336222979,0.8114514659477328,0.5764788146661174,52.0412521362304688,0.0000000000000000,0.0000000000000000,0.0000000000000000,1.0000000000000000
-0.2287217467612283,0.5456717082090790,-0.8061815858841471,-182.4177246093750000,-0.9687454092309645,-0.2092579873540347,0.1332044549648015,239.5688171386718750,-0.0960140336222979,0.8114514659477328,0.5764788146661174,52.0412521362304688,0.0000000000000000,0.0000000000000000,0.0000000000000000,1.0000000000000000
-0.2287217467612283,0.5456717082090790,-0.8061815858841471,-182.4177246093750000,-0.9687454092309645,-0.2092579873540347,0.1332044549648015,239.5688171386718750,-0.0960140336222979,0.8114514659477328,0.5764788146661174,52.0412521362304688,0.0000000000000000,0.0000000000000000,0.0000000000000000,1.0000000000000000
-0.2287217467612283,0.5456717082090790,-0.8061815858841471,-182.4177246093750000,-0.9687454092309645,-0.2092579873540347,0.1332044549648015,239.5688171386718750,-0.0960140336222979,0.8114514659477328,0.5764788146661174,52.0412521362304688,0.0000000000000000,0.0000000000000000,0.0000000000000000,1.0000000000000000
-0.2287217467612283,0.5456717082090790,-0.8061815858841471,-182.4177246093750000,-0.9687454092309645,-0.2092579873540347,0.1332044549648015,239.5688171386718750,-0.0960140336222979,0.8114514659477328,0.5764788146661174,52.0412521362304688,0.0000000000000000,0.0000000000000000,0.0000000000000000,1.0000000000000000
-0.2287217467612283,0.5456717082090790,-0.8061815858841471,-182.4177246093750000,-0.9687454092309645,-0.2092579873540347,0.1332044549648015,239.5688171386718750,-0.0960140336222979,0.8114514659477328,0.5764788146661174,52.0412521362304688,0.0000000000000000,0.0000000000000000,0.0000000000000000,1.0000000000000000
-0.2287217467612283,0.5456717082090790,-0.8061815858841471,-182.4177246093750000,-0.9687454092309645,-0.2092579873540347,0.1332044549648015,239.5688171386718750,-0.0960140336222979,0.8114514659477328,0.5764788146661174,52.0412521362304688,0.0000000000000000,0.0000000000000000,0.0000000000000000,1.0000000000000000
-0.2268979088239115,0.5548007127308335,-0.8004458183566800,-173.0559844970703125,-0.9683593364882052,-0.2162062423973536,0.1246397054896232,241.1228027343750000,-0.1039111851893683,0.8033996700906568,0.5863031943378484,54.0854759216308594,0.0000000000000000,0.0000000000000000,0.0000000000000000,1.0000000000000000
-0.2250618480124463,0.5638926928301090,-0.7945893250868847,-163.6942138671875000,-0.9679088398532233,-0.2229685229860217,0.1159202980129866,242.6767578125000000,-0.1118017991948707,0.7951792682975584,0.5959784299507405,56.1296920776367188,0.0000000000000000,0.0000000000000000,0.0000000000000000,1.0000000000000000
-0.2200676034425726,0.5686188315574990,-0.7926177353007104,-155.4453582763671875,-0.9684906560729328,-0.2244844612191406,0.1078544193372354,244.0895385742187500,-0.1166023113598641,0.7913781340606629,0.6001037826211403,56.4493980407714844,0.0000000000000000,0.0000000000000000,0.0000000000000000,1.0000000000000000
-0.2080487851487143,0.5646137807277316,-0.7987033126327204,-149.0548706054687500,-0.9712269875723656,-0.2160104547485841,0.1002876964059808,245.0509796142578125,-0.1159044503427387,0.7965869456949737,0.5933088540879031,53.5911254882812500,0.0000000000000000,0.0000000000000000,0.0000000000000000,1.0000000000000000
-0.1928154954025316,0.5558738948035683,-0.8085953238849379,-143.7772369384765625,-0.9748081223724118,-0.2026773106224936,0.0931183779691563,245.8712005615234375,-0.1121218501874176,0.8061799556145914,0.5809497137238349,49.0083351135253906,0.0000000000000000,0.0000000000000000,0.0000000000000000,1.0000000000000000
-0.1828395642270441,0.5513220478211538,-0.8140108680721369,-138.4889526367187500,-0.9770357282929895,-0.1940374988866539,0.0880376888883346,247.3393249511718750,-0.1094115139839132,0.8114144739971682,0.5741390702570648,45.3368644714355469,0.0000000000000000,0.0000000000000000,0.0000000000000000,1.0000000000000000
-0.1837435853182159,0.5549263450039681,-0.8113538355581641,-132.5147094726562500,-0.9768090248279180,-0.1953799462158736,0.0875831355422624,250.0455017089843750,-0.1099200794629420,0.8086305882399076,0.5779568737316317,43.7237701416015625,0.0000000000000000,0.0000000000000000,0.0000000000000000,1.0000000000000000
-0.1899582937273808,0.5629954121802002,-0.8043332720385430,-126.5298004150390625,-0.9754399515872572,-0.2012665446522043,0.0894912222020234,253.3995361328125000,-0.1115022308818610,0.8015784078103707,0.5874004670074406,43.0219879150390625,0.0000000000000000,0.0000000000000000,0.0000000000000000,1.0000000000000000
-0.1932745304869362,0.5737104073793677,-0.7959279642842400,-121.4365386962890625,-0.9747447990012746,-0.2047827269328570,0.0890876622765888,256.4201965332031250,-0.1118817799510669,0.7930450196644218,0.5988005211257236,42.4262580871582031,0.0000000000000000,0.0000000000000000,0.0000000000000000,1.0000000000000000
-0.1931440364603980,0.5842218024259753,-0.7882767703985252,-117.3015594482421875,-0.9747806237606632,-0.2057957436108105,0.0863182915287703,259.3024597167968750,-0.1117949762760237,0.7850687851913478,0.6092363135907323,41.3222274780273438,0.0000000000000000,0.0000000000000000,0.0000000000000000,1.0000000000000000
-0.1901224615701320,0.5973545369216642,-0.7791155285486342,-114.0582122802734375,-0.9755213741071869,-0.2042708166518112,0.0814339126189330,261.8513793945312500,-0.1105056481205350,0.7755262669204094,0.6215685891757677,40.3242378234863281,0.0000000000000000,0.0000000000000000,0.0000000000000000,1.0000000000000000
-0.1776451370925572,0.6196582950519500,-0.7645036315418502,-112.4089431762695313,-0.9786340191245217,-0.1929629261261671,0.0709983503541650,262.5004272460937500,-0.1035261410444336,0.7607817732531045,0.6406976132360025,40.4700126647949219,0.0000000000000000,0.0000000000000000,0.0000000000000000,1.0000000000000000
-0.1542106032712575,0.6524575973439997,-0.7419691189711403,-112.3707351684570313,-0.9840505851278389,-0.1688211186944961,0.0560702754790513,260.9652404785156250,-0.0886765794799995,0.7387817766775479,0.6680852869962736,41.8758926391601563,0.0000000000000000,0.0000000000000000,0.0000000000000000,1.0000000000000000
-0.1248789766808834,0.6891993508528552,-0.7137292875923886,-113.1993255615234375,-0.9897519535959483,-0.1367466399559525,0.0411269596950875,258.3757934570312500,-0.0692554079920089,0.7115508493739293,0.6992131843859214,43.8299674987792969,0.0000000000000000,0.0000000000000000,0.0000000000000000,1.0000000000000000
-0.0929484238346014,0.7246277694655070,-0.6828434566034205,-114.4553222656250000,-0.9944644453954922,-0.1013152053060566,0.0278513198615003,255.2875976562500000,-0.0490005852097636,0.6816522756459014,0.7300336415233650,46.1275787353515625,0.0000000000000000,0.0000000000000000,0.0000000000000000,1.0000000000000000
-0.0618722051087570,0.7548125442525621,-0.6530159670895910,-115.6992645263671875,-0.9975814602948269,-0.0675292313692772,0.0164630795027955,252.2560729980468750,-0.0316711274036880,0.6524552290767917,0.7571651825984411,48.5640716552734375,0.0000000000000000,0.0000000000000000,0.0000000000000000,1.0000000000000000
-0.0351750328817051,0.7771680012275827,-0.6283093306084948,-116.4917678833007813,-0.9991598079508552,-0.0405795019253228,0.0057430130683256,249.8366699218750000,-0.0210331937037912,0.6279834407780327,0.7779424161666478,50.9347763061523438,0.0000000000000000,0.0000000000000000,0.0000000000000000,1.0000000000000000
-0.0133584227855639,0.7919205027433226,-0.6104780666620592,-116.7702789306640625,-0.9997317238224552,-0.0221312383161005,-0.0068329110617608,248.1027984619140625,-0.0189217579432803,0.6102230130250409,0.7920036877761218,53.3159141540527344,0.0000000000000000,0.0000000000000000,0.0000000000000000,1.0000000000000000
0.0058339637912529,0.8020578214327212,-0.5972178965378376,-116.8277435302734375,-0.9997222164031115,-0.0089601302216710,-0.0217992223820254,246.6841430664062500,-0.0228353869363462,0.5971791750764653,0.8017827498508930,55.8439216613769531,0.0000000000000000,0.0000000000000000,0.0000000000000000,1.0000000000000000
0.0230247144244647,0.8095748796640647,-0.5865648955934774,-116.7579727172851563,-0.9992837112745755,0.0010116405355564,-0.0378291020873815,245.4706115722656250,-0.0300320979450747,0.5870157500445299,0.8090182830398059,58.4044837951660156,0.0000000000000000,0.0000000000000000,0.0000000000000000,1.0000000000000000
0.0388426239393868,0.8161284930460977,-0.5765635553898711,-116.6547546386718750,-0.9985312573533792,0.0098920874375858,-0.0532679518510593,244.3521423339843750,-0.0377700761686152,0.5777857989293548,0.8153140449555522,60.8832702636718750,0.0000000000000000,0.0000000000000000,0.0000000000000000,1.0000000000000000
0.0539242972163353,0.8231300496067884,-0.5652867339713983,-116.6119079589843750,-0.9976053593213017,0.0198558418975087,-0.0662517365505075,243.2186431884765625,-0.0433095511768599,0.5675056536959496,0.8222296612261029,63.1659622192382813,0.0000000000000000,0.0000000000000000,0.0000000000000000,1.0000000000000000
0.0677266757832005,0.8301742250602715,-0.5533749663952419,-116.6218261718750000,-0.9965968989563891,0.0301709150214178,-0.0767094314754001,242.0766906738281250,-0.0469863637438135,0.5566870502646422,0.8293924340683281,65.1919555664062500,0.0000000000000000,0.0000000000000000,0.0000000000000000,1.0000000000000000
0.0795796742010435,0.8364356983457198,-0.5422567638923127,-116.6237106323242188,-0.9955547613995140,0.0391986307338944,-0.0856398528918900,241.0193939208984375,-0.0503765075090814,0.5466614947858458,0.8358369563555395,67.0127182006835938,0.0000000000000000,0.0000000000000000,0.0000000000000000,1.0000000000000000
0.0899378631561279,0.8424622748533539,-0.5311953465720701,-116.6314926147460938,-0.9945572406321052,0.0478010468147047,-0.0925794525241505,240.0663452148437500,-0.0526030025489291,0.5366305762555190,0.8421760794219383,68.6820144653320313,0.0000000000000000,0.0000000000000000,0.0000000000000000,1.0000000000000000
0.0992570294170794,0.8487251876334931,-0.5194358458826162,-116.6591339111328125,-0.9936605785239074,0.0568473647968797,-0.0969898541249756,239.2372589111328125,-0.0527891731213001,0.5257698479298165,0.8489872615116358,70.2535858154296875,0.0000000000000000,0.0000000000000000,0.0000000000000000,1.0000000000000000
0.1077125370098690,0.8560197797736826,-0.5055968215951455,-116.7309722900390625,-0.9928953110748912,0.0667575412091664,-0.0985004159240044,238.4640197753906250,-0.0505659036940209,0.5126144431518900,0.8571286496528305,71.9001541137695313,0.0000000000000000,0.0000000000000000,0.0000000000000000,1.0000000000000000
0.1150506588293707,0.8637911145144889,-0.4905387409662412,-116.8327026367187500,-0.9922732332637823,0.0768457587522547,-0.0974092393463267,237.7605743408203125,-0.0464454136720456,0.4979554597025798,0.8659579572365076,73.5402450561523438,0.0000000000000000,0.0000000000000000,0.0000000000000000,1.0000000000000000
0.1210817130362620,0.8705747844882155,-0.4769054029695003,-116.9202804565429688,-0.9918007007676025,0.0863194263620790,-0.0942354847677567,237.2696533203125000,-0.0408728360295289,0.4844053067894888,0.8738883853382448,74.8463821411132813,0.0000000000000000,0.0000000000000000,0.0000000000000000,1.0000000000000000
0.1256155378269857,0.8750798345691915,-0.4673927896178905,-116.9496688842773438,-0.9914861003913776,0.0944495188186922,-0.0896359365746602,237.1339416503906250,-0.0342935764704722,0.4746731207107414,0.8794938198120495,75.4910736083984375,0.0000000000000000,0.0000000000000000,0.0000000000000000,1.0000000000000000
0.1289428924647675,0.8775654908167311,-0.4617927455151385,-116.9188537597656250,-0.9913075036731330,0.1017946295990849,-0.0833503841990341,237.3775177001953125,-0.0261373993381304,0.4685260533976474,0.8830629499891069,75.4424209594726563,0.0000000000000000,0.0000000000000000,0.0000000000000000,1.0000000000000000
0.1315830300310378,0.8792462160260862,-0.4578340286737759,-116.8613891601562500,-0.9911723656007215,0.1091338126824505,-0.0752804928176025,237.8600921630859375,-0.0162249153255204,0.4636980726002650,0.8858447096356556,74.9957275390625000,0.0000000000000000,0.0000000000000000,0.0000000000000000,1.0000000000000000
0.1336888496966797,0.8803373631927347,-0.4551191255414804,-116.7865982055664063,-0.9910075937834378,0.1161653431219584,-0.0664045338882681,238.4777526855468750,-0.0055893228873488,0.4599040552378517,0.8879510231118832,74.3142547607421875,0.0000000000000000,0.0000000000000000,0.0000000000000000,1.0000000000000000
0.1354189824240754,0.8810425510533130,-0.4532391448591996,-116.7038269042968750,-0.9907771079258294,0.1226040062890791,-0.0576973140795710,239.1265869140625000,0.0047351461811847,0.4568722807036317,0.8895197004649784,73.5613021850585938,0.0000000000000000,0.0000000000000000,0.0000000000000000,1.0000000000000000
0.1369373360800337,0.8815567483359235,-0.4517807714486056,-116.6224136352539063,-0.9904847735785119,0.1281685813688505,-0.0501271189978056,239.7027282714843750,0.0137142005391393,0.4543462492563239,0.8907196003739238,72.9001617431640625,0.0000000000000000,0.0000000000000000,0.0000000000000000,1.0000000000000000
0.1384122640153912,0.8820688897621597,-0.4503293449064634,-116.5517120361328125,-0.9901663356562355,0.1325766139859890,-0.0446550014792673,240.1022796630859375,0.0203143521490826,0.4520817571388619,0.8917451496694567,72.4941253662109375,0.0000000000000000,0.0000000000000000,0.0000000000000000,1.0000000000000000
0.1400149336256812,0.8827641598791125,-0.4484676759753382,-116.5010452270507813,-0.9898704076574159,0.1355457782189926,-0.0422364540550993,240.2213439941406250,0.0235030722659178,0.4498386155499907,0.8928005519454670,72.5064620971679688,0.0000000000000000,0.0000000000000000,0.0000000000000000,1.0000000000000000
0.1412148214669502,0.8835834973865279,-0.4464734900800372,-116.4475860595703125,-0.9897432970600331,0.1358483777122477,-0.0441975587299303,240.0656280517578125,0.0216004658003601,0.4481354944870382,0.8937046483363871,73.0280380249023438,0.0000000000000000,0.0000000000000000,0.0000000000000000,1.0000000000000000
0.1416845766428533,0.8843540149816117,-0.4447959722473203,-116.3754272460937500,-0.9897987456893367,0.1333540970813619,-0.0501510500730602,239.7293853759765625,0.0149640827768133,0.4473641257158625,0.8942267135626909,73.9440002441406250,0.0000000000000000,0.0000000000000000,0.0000000000000000,1.0000000000000000
0.1418963174655601,0.8850812571265444,-0.4432793739539529,-116.3042755126953125,-0.9898655829795119,0.1294130422488807,-0.0584670174416348,239.2415313720703125,0.0056180710518785,0.4470832503898852,0.8944747086969376,75.1090545654296875,0.0000000000000000,0.0000000000000000,0.0000000000000000,1.0000000000000000
0.1423277834723995,0.8857708232577169,-0.4417610787712971,-116.2538604736328125,-0.9898097471373859,0.1253757880645746,-0.0675098232778827,238.6310119628906250,-0.0044120883556251,0.4468679451835109,0.8945890526067313,76.3779144287109375,0.0000000000000000,0.0000000000000000,0.0000000000000000,1.0000000000000000
0.1434664729360606,0.8864318759630827,-0.4400635186195926,-116.2438964843750000,-0.9895684692971046,0.1226052533512632,-0.0756452009294566,237.9267120361328125,-0.0131002181764991,0.4463255326857770,0.8947747778946864,77.6053009033203125,0.0000000000000000,0.0000000000000000,0.0000000000000000,1.0000000000000000
0.1458092045044889,0.8870698027045011,-0.4380032431518806,-116.2940979003906250,-0.9891412154794335,0.1224738287492786,-0.0812392584367997,237.1576080322265625,-0.0184209587599798,0.4450924919623895,0.8952951144047829,78.6459274291992188,0.0000000000000000,0.0000000000000000,0.0000000000000000,1.0000000000000000
0.1498542338452853,0.8876683825330066,-0.4354176744803525,-116.4241943359375000,-0.9885378039967895,0.1263434915435067,-0.0826458239344307,236.3525695800781250,-0.0183498955813820,0.4428116583784030,0.8964268606731510,79.3545150756835938,0.0000000000000000,0.0000000000000000,0.0000000000000000,1.0000000000000000
0.1561579684791421,0.8878199193384695,-0.4328862202776858,-116.7527770996093750,-0.9876687490405803,0.1353897173920815,-0.0786133995773458,235.5152435302734375,-0.0111861990453597,0.4398243004318043,0.8980141723272476,79.4660339355468750,0.0000000000000000,0.0000000000000000,0.0000000000000000,1.0000000000000000
0.1644450093478653,0.8873104040032137,-0.4308573845812952,-117.3018341064453125,-0.9863845396838749,0.1487413500148850,-0.0701537644633553,234.6211242675781250,0.0018381439581782,0.4365274994125835,0.8996890371030348,79.0212860107421875,0.0000000000000000,0.0000000000000000,0.0000000000000000,1.0000000000000000
0.1739591812392461,0.8864023333051448,-0.4289861382070126,-117.9462127685546875,-0.9845819616337987,0.1646737638925555,-0.0589992568665032,233.6569824218750000,0.0183456830865428,0.4326354758877892,0.9013822612606897,78.3337402343750000,0.0000000000000000,0.0000000000000000,0.0000000000000000,1.0000000000000000
0.1839567708087416,0.8854158324852539,-0.4268474084003146,-118.5607452392578125,-0.9822764949982926,0.1814802605645600,-0.0468807252427713,232.6094818115234375,0.0359554425294555,0.4279062030513979,0.9031076832485962,77.7168197631835938,0.0000000000000000,0.0000000000000000,0.0000000000000000,1.0000000000000000
0.1937255773641504,0.8847467252455582,-0.4239028577895972,-119.0202636718750000,-0.9796613726593270,0.1974886102277378,-0.0355224400845412,231.4653930664062500,0.0522876237189045,0.4221628607511296,0.9050107863491201,77.4839859008789063,0.0000000000000000,0.0000000000000000,0.0000000000000000,1.0000000000000000
0.2025935250187915,0.8848617623286079,-0.4194943684832617,-119.1996154785156250,-0.9771053170709905,0.2110810630383239,-0.0266455282967037,230.2114562988281250,0.0649697081112391,0.4152883894299495,0.9073667894697375,77.9486846923828125,0.0000000000000000,0.0000000000000000,0.0000000000000000,1.0000000000000000
0.2099238829389342,0.8862708206471840,-0.4128631684241253,-118.9736175537109375,-0.9750897383281076,0.2207180680779840,-0.0219894663679065,228.8343811035156250,0.0716377385116501,0.4071947530276998,0.9105275764784101,79.4243850708007813,0.0000000000000000,0.0000000000000000,0.0000000000000000,1.0000000000000000
0.2157029877390691,0.8894004881025753,-0.4030372102465725,-118.3335647583007813,-0.9739079477483864,0.2257746853260624,-0.0230021907314096,227.2043914794921875,0.0705374396541697,0.3974827835627833,0.9148944782750720,82.1731491088867188,0.0000000000000000,0.0000000000000000,0.0000000000000000,1.0000000000000000
0.2204735922949111,0.8939931438892172,-0.3900867259721235,-117.3600997924804688,-0.9733486948491575,0.2275297334952420,-0.0286799339438925,225.2926940917968750,0.0631166644874332,0.3860135736663380,0.9203313575062644,86.0404968261718750,0.0000000000000000,0.0000000000000000,0.0000000000000000,1.0000000000000000
0.2244306653760172,0.8995211443297256,-0.3748234082106117,-116.0620803833007813,-0.9731115043421483,0.2273237465283126,-0.0371202691435942,223.2374725341796875,0.0518157944630740,0.3730758973293130,0.9263527936353884,90.7150650024414063,0.0000000000000000,0.0000000000000000,0.0000000000000000,1.0000000000000000
0.2277723263302393,0.9054652833481377,-0.3581234256640959,-114.4483337402343750,-0.9729298924528328,0.2263977792401506,-0.0463839403980227,221.1769409179687500,0.0390793005289277,0.3589939640250296,0.9325213896012068,95.8854751586914063,0.0000000000000000,0.0000000000000000,0.0000000000000000,1.0000000000000000
0.2307172642313964,0.9113436597617349,-0.3409138861907318,-112.5277404785156250,-0.9726361486899019,0.2258584252297908,-0.0544692024394895,219.2492828369140625,0.0273581111784997,0.3441521546711661,0.9385152253362428,101.2403259277343750,0.0000000000000000,0.0000000000000000,0.0000000000000000,1.0000000000000000
0.2335090296478714,0.9167282852118015,-0.3241647484930144,-110.3091430664062500,-0.9721668917157033,0.2266588989029237,-0.0593066454956102,217.5926818847656250,0.0191067455297149,0.3289908731876068,0.9441397871261008,106.4682540893554688,0.0000000000000000,0.0000000000000000,0.0000000000000000,1.0000000000000000
0.2360640553263621,0.9217757422189495,-0.3075764016298664,-107.8154983520507813,-0.9716395934056163,0.2283972414253953,-0.0612470459356065,216.1837158203125000,0.0137935604337992,0.3133116358611253,0.9495501864170134,111.6519699096679688,0.0000000000000000,0.0000000000000000,0.0000000000000000,1.0000000000000000
0.2382104863016510,0.9268032334480836,-0.2903300375195583,-105.0882568359375000,-0.9711700280406277,0.2301377984807046,-0.0621721026347113,214.8904113769531250,0.0091946099154549,0.2967698774819166,0.9549047591083997,117.0410766601562500,0.0000000000000000,0.0000000000000000,0.0000000000000000,1.0000000000000000
0.2400712272911102,0.9316803757572378,-0.2726490111036390,-102.1640090942382813,-0.9707412076285331,0.2319166045692079,-0.0622591064583084,213.6882324218750000,0.0052262451949216,0.2796182503949658,0.9600970369745033,122.5746154785156250,0.0000000000000000,0.0000000000000000,0.0000000000000000,1.0000000000000000
0.2417689105065464,0.9362933403559714,-0.2547598373322107,-99.0793533325195313,-0.9703321786341449,0.2337752669749609,-0.0616813396247166,212.5525970458984375,0.0018047214719781,0.2621142982666964,0.9650351483881642,128.1915740966796875,0.0000000000000000,0.0000000000000000,0.0000000000000000,1.0000000000000000
0.2434244576409723,0.9405457222048216,-0.2368929671062636,-95.8708877563476563,-0.9699191730492382,0.2357616177101763,-0.0606074035589922,211.4589538574218750,-0.0011537650022151,0.2445203550972627,0.9696434730195569,133.8309631347656250,0.0000000000000000,0.0000000000000000,0.0000000000000000,1.0000000000000000
0.2451593648445802,0.9443579571341664,-0.2192827732093564,-92.5752029418945313,-0.9694756057452073,0.2379331745015122,-0.0592018102476299,210.3827209472656250,-0.0037330542408990,0.2271031775845880,0.9738635484691980,139.4318237304687500,0.0000000000000000,0.0000000000000000,0.0000000000000000,1.0000000000000000
0.2470939448299821,0.9476671824410426,-0.2021669947162821,-89.2288894653320313,-0.9689728470141592,0.2403560168142960,-0.0576247076386567,209.2993316650390625,-0.0060169907455923,0.2101330447726424,0.9776542841500497,144.9331054687500000,0.0000000000000000,0.0000000000000000,0.0000000000000000,1.0000000000000000
0.2493481070932098,0.9504257654771503,-0.1857858600814548,-85.8685379028320313,-0.9683801331993637,0.2431054207703907,-0.0560327762727706,208.1842041015625000,-0.0080894445925669,0.1938830026310302,0.9809913058620652,150.2738647460937500,0.0000000000000000,0.0000000000000000,0.0000000000000000,1.0000000000000000
0.2518501842110630,0.9522235952339863,-0.1727475307855819,-82.5040893554687500,-0.9677198985551432,0.2460467964599958,-0.0545817908482023,206.9397888183593750,-0.0094700925696178,0.1809176570471643,0.9834526519946385,155.2033233642578125,0.0000000000000000,0.0000000000000000,0.0000000000000000,1.0000000000000000
0.2547092947783836,0.9532232304585633,-0.1627533350430622,-78.9334030151367188,-0.9669709580861358,0.2494094934690816,-0.0525554068148739,205.6497955322265625,-0.0095048078086442,0.1707640989249112,0.9852660966190218,159.7685852050781250,0.0000000000000000,0.0000000000000000,0.0000000000000000,1.0000000000000000
0.2583142336450682,0.9540808217606073,-0.1516691868672258,-74.8749389648437500,-0.9660276855897347,0.2537992760822916,-0.0487487244371117,204.5615997314453125,-0.0080166932398492,0.1591091229587702,0.9872284536118219,164.3556060791015625,0.0000000000000000,0.0000000000000000,0.0000000000000000,1.0000000000000000
0.2630498588322392,0.9552395511815248,-0.1353594164691114,-70.0471725463867188,-0.9647701563116277,0.2597425501529125,-0.0418611171673543,203.9225769042968750,-0.0048287947540036,0.1416022863465877,0.9899118522588983,169.3502502441406250,0.0000000000000000,0.0000000000000000,0.0000000000000000,1.0000000000000000
0.2723779355464600,0.9554748395189000,-0.1134816781413672,-64.8214950561523438,-0.9621893895998156,0.2706428478990959,-0.0307250292530580,203.5117645263671875,0.0013560121617691,0.1175596866591574,0.9930648927958423,174.7324676513671875,0.0000000000000000,0.0000000000000000,0.0000000000000000,1.0000000000000000
0.2858731775422866,0.9541205295966053,-0.0890535870370728,-59.4602470397949219,-0.9582136652247516,0.2856047724594010,-0.0160151717118946,203.1394500732421875,0.0101537253470832,0.0899106720623696,0.9958980735551549,180.2591247558593750,0.0000000000000000,0.0000000000000000,0.0000000000000000,1.0000000000000000
0.2981428011613005,0.9524577755356928,-0.0627300242092527,-53.5183448791503906,-0.9543277686823592,0.2987612058086047,0.0005018222175011,203.0999298095703125,0.0192192621461548,0.0597153893513958,0.9980304064692460,185.9813995361328125,0.0000000000000000,0.0000000000000000,0.0000000000000000,1.0000000000000000
0.3038968733439248,0.9520725684926654,-0.0347061189931338,-46.5507164001464844,-0.9523443797543731,0.3045823628594787,0.0164245726031262,203.6874694824218750,0.0262082567532635,0.0280608011060972,0.9992625874710006,191.9505157470703125,0.0000000000000000,0.0000000000000000,0.0000000000000000,1.0000000000000000
0.2978815115856822,0.9545908051163617,-0.0047958151262956,-38.1122703552246094,-0.9541689756130455,0.2978938167047369,0.0286503044771908,205.1963043212890625,0.0287779608898930,-0.0039583779987686,0.9995779910595464,198.2176818847656250,0.0000000000000000,0.0000000000000000,0.0000000000000000,1.0000000000000000
0.2762536734610088,0.9606456817736072,0.0290479257266309,-27.6326713562011719,-0.9606975703892130,0.2751583905248308,0.0367156420623118,208.1817321777343750,0.0272779425096807,-0.0380491026636138,0.9989034886508970,204.8586120605468750,0.0000000000000000,0.0000000000000000,0.0000000000000000,1.0000000000000000
0.2425674556685386,0.9678081865424863,0.0671441993908316,-15.4380626678466797,-0.9698452733263380,0.2402236042322162,0.0411432348782213,212.4700164794921875,0.0236891379550308,-0.0750994942128625,0.9968946236748997,211.8220825195312500,0.0000000000000000,0.0000000000000000,0.0000000000000000,1.0000000000000000
0.2027079425100387,0.9733964807101608,0.1068118972044806,-2.4281177520751953,-0.9790716483723932,0.1994460272383973,0.0404967847141625,217.2618408203125000,0.0181162191616131,-0.1127855201694533,0.9934541907120802,218.9687957763671875,0.0000000000000000,0.0000000000000000,0.0000000000000000,1.0000000000000000
0.1628012126978669,0.9759307838529656,0.1451029643812974,10.4975051879882813,-0.9866012601638438,0.1594321518477175,0.0346315232168833,221.7579650878906250,0.0106638917482822,-0.1487968214893803,0.9888102888458628,226.1595611572265625,0.0000000000000000,0.0000000000000000,0.0000000000000000,1.0000000000000000
0.1291780259412442,0.9753012074596550,0.1791663817284441,22.4391269683837891,-0.9916203769830552,0.1267899976741361,0.0247653879795200,225.1591339111328125,0.0014372076769999,-0.1808641789231131,0.9835070326218117,233.2550811767578125,0.0000000000000000,0.0000000000000000,0.0000000000000000,1.0000000000000000
0.1082570968943379,0.9724240259078920,0.2065718151372481,32.4970893859863281,-0.9940779371600582,0.1078663043231053,0.0131876928717022,226.6660308837890625,-0.0094581088814332,-0.2067761452120692,0.9783425626781368,240.1161499023437500,0.0000000000000000,0.0000000000000000,0.0000000000000000,1.0000000000000000
0.1018442204521506,0.9686597910154264,0.2265523428050219,40.4113388061523438,-0.9945395751050488,0.1043562920348148,0.0008932315565258,225.9556579589843750,-0.0227769249540597,-0.2254062412239174,0.9739985821893902,246.7262878417968750,0.0000000000000000,0.0000000000000000,0.0000000000000000,1.0000000000000000
0.1052756514239542,0.9647603153217960,0.2411525890332733,46.8495941162109375,-0.9936877962025505,0.1115052577389288,-0.0122939487022513,223.6028137207031250,-0.0387504954210990,-0.2383361312868105,0.9704093402414549,253.1936035156250000,0.0000000000000000,0.0000000000000000,0.0000000000000000,1.0000000000000000
0.1152314153262182,0.9607127203520659,0.2524931481756481,52.3038558959960938,-0.9917313868834248,0.1257203905769495,-0.0257534398373913,220.1549987792968750,-0.0564851944512495,-0.2474377746968163,0.9672558970928489,259.5657043457031250,0.0000000000000000,0.0000000000000000,0.0000000000000000,1.0000000000000000
0.1283843689509326,0.9563504573649866,0.2625095360303166,57.2661132812500000,-0.9888778836891275,0.1434908934057036,-0.0391266489766932,216.1596832275390625,-0.0750865164965267,-0.2545666242998368,0.9641358041443138,265.8901977539062500,0.0000000000000000,0.0000000000000000,0.0000000000000000,1.0000000000000000
0.1414322576613647,0.9515896223383259,0.2728994451273429,62.2283821105957031,-0.9855071783991998,0.1614241578275933,-0.0521329319461347,212.1643981933593750,-0.0936617201233108,-0.2615710838905067,0.9606289867872446,272.2146606445312500,0.0000000000000000,0.0000000000000000,0.0000000000000000,1.0000000000000000
0.1511243351199033,0.9465059649832712,0.2851103182728641,67.6826400756835938,-0.9822263558246453,0.1762626775944394,-0.0645201860713078,208.7165679931640625,-0.1113230490869013,-0.2702922987033213,0.9563206847097212,278.5867614746093750,0.0000000000000000,0.0000000000000000,0.0000000000000000,1.0000000000000000
0.1511243351199033,0.9465059649832712,0.2851103182728641,67.6826400756835938,-0.9822263558246453,0.1762626775944394,-0.0645201860713078,208.7165679931640625,-0.1113230490869013,-0.2702922987033213,0.9563206847097212,278.5867614746093750,0.0000000000000000,0.0000000000000000,0.0000000000000000,1.0000000000000000
