-0.2056125109979315,0.4300372443343869,-0.8790855838918143,-124.2181091308593750,-0.9468807027180927,-0.3143830890608540,0.0676772349660243,256.5351257324218750,-0.2472659097838131,0.8463044616435872,0.4718350644673848,41.6761398315429688,0.0000000000000000,0.0000000000000000,0.0000000000000000,1.0000000000000000
-0.2056125109979315,0.4300372443343869,-0.8790855838918143,-124.2181091308593750,-0.9468807027180927,-0.3143830890608540,0.0676772349660243,256.5351257324218750,-0.2472659097838131,0.8463044616435872,0.4718350644673848,41.6761398315429688,0.0000000000000000,0.0000000000000000,0.0000000000000000,1.0000000000000000
-0.2056125109979315,0.4300372443343869,-0.8790855838918143,-124.2181091308593750,-0.9468807027180927,-0.3143830890608540,0.0676772349660243,256.5351257324218750,-0.2472659097838131,0.8463044616435872,0.4718350644673848,41.6761398315429688,0.0000000000000000,0.0000000000000000,0.0000000000000000,1.0000000000000000
-0.2056125109979315,0.4300372443343869,-0.8790855838918143,-124.2181091308593750,-0.9468807027180927,-0.3143830890608540,0.0676772349660243,256.5351257324218750,-0.2472659097838131,0.8463044616435872,0.4718350644673848,41.6761398315429688,0.0000000000000000,0.0000000000000000,0.0000000000000000,1.0000000000000000
-0.2056125109979315,0.4300372443343869,-0.8790855838918143,-124.2181091308593750,-0.9468807027180927,-0.3143830890608540,0.0676772349660243,256.5351257324218750,-0.2472659097838131,0.8463044616435872,0.4718350644673848,41.6761398315429688,0.0000000000000000,0.0000000000000000,0.0000000000000000,1.0000000000000000
-0.2056125109979315,0.4300372443343869,-0.8790855838918143,-124.2181091308593750,-0.9468807027180927,-0.3143830890608540,0.0676772349660243,256.5351257324218750,-0.2472659097838131,0.8463044616435872,0.4718350644673848,41.6761398315429688,0.0000000000000000,0.0000000000000000,0.0000000000000000,1.0000000000000000
-0.2056125109979315,0.4300372443343869,-0.8790855838918143,-124.2181091308593750,-0.9468807027180927,-0.3143830890608540,0.0676772349660243,256.5351257324218750,-0.2472659097838131,0.8463044616435872,0.4718350644673848,41.6761398315429688,0.0000000000000000,0.0000000000000000,0.0000000000000000,1.0000000000000000
-0.2056125109979315,0.4300372443343869,-0.8790855838918143,-124.2181091308593750,-0.9468807027180927,-0.3143830890608540,0.0676772349660243,256.5351257324218750,-0.2472659097838131,0.8463044616435872,0.4718350644673848,41.6761398315429688,0.0000000000000000,0.0000000000000000,0.0000000000000000,1.0000000000000000
-0.2056125109979315,0.4300372443343869,-0.8790855838918143,-124.2181091308593750,-0.9468807027180927,-0.3143830890608540,0.0676772349660243,256.5351257324218750,-0.2472659097838131,0.8463044616435872,0.4718350644673848,41.6761398315429688,0.0000000000000000,0.0000000000000000,0.0000000000000000,1.0000000000000000
-0.2056125109979315,0.4300372443343869,-0.8790855838918143,-124.2181091308593750,-0.9468807027180927,-0.3143830890608540,0.0676772349660243,256.5351257324218750,-0.2472659097838131,0.8463044616435872,0.4718350644673848,41.6761398315429688,0.0000000000000000,0.0000000000000000,0.0000000000000000,1.0000000000000000
-0.2056125109979315,0.4300372443343869,-0.8790855838918143,-124.2181091308593750,-0.9468807027180927,-0.3143830890608540,0.0676772349660243,256.5351257324218750,-0.2472659097838131,0.8463044616435872,0.4718350644673848,41.6761398315429688,0.0000000000000000,0.0000000000000000,0.0000000000000000,1.0000000000000000
-0.2056125109979315,0.4300372443343869,-0.8790855838918143,-124.2181091308593750,-0.9468807027180927,-0.3143830890608540,0.0676772349660243,256.5351257324218750,-0.2472659097838131,0.8463044616435872,0.4718350644673848,41.6761398315429688,0.0000000000000000,0.0000000000000000,0.0000000000000000,1.0000000000000000
-0.2056125109979315,0.4300372443343869,-0.8790855838918143,-124.2181091308593750,-0.9468807027180927,-0.3143830890608540,0.0676772349660243,256.5351257324218750,-0.2472659097838131,0.8463044616435872,0.4718350644673848,41.6761398315429688,0.0000000000000000,0.0000000000000000,0.0000000000000000,1.0000000000000000
-0.2056125109979315,0.4300372443343869,-0.8790855838918143,-124.2181091308593750,-0.9468807027180927,-0.3143830890608540,0.0676772349660243,256.5351257324218750,-0.2472659097838131,0.8463044616435872,0.4718350644673848,41.6761398315429688,0.0000000000000000,0.0000000000000000,0.0000000000000000,1.0000000000000000
-0.2056125109979315,0.4300372443343869,-0.8790855838918143,-124.2181091308593750,-0.9468807027180927,-0.3143830890608540,0.0676772349660243,256.5351257324218750,-0.2472659097838131,0.8463044616435872,0.4718350644673848,41.6761398315429688,0.0000000000000000,0.0000000000000000,0.0000000000000000,1.0000000000000000
-0.2056125109979315,0.4300372443343869,-0.8790855838918143,-124.2181091308593750,-0.9468807027180927,-0.3143830890608540,0.0676772349660243,256.5351257324218750,-0.2472659097838131,0.8463044616435872,0.4718350644673848,41.6761398315429688,0.0000000000000000,0.0000000000000000,0.0000000000000000,1.0000000000000000
-0.2056125109979315,0.4300372443343869,-0.8790855838918143,-124.2181091308593750,-0.9468807027180927,-0.3143830890608540,0.0676772349660243,256.5351257324218750,-0.2472659097838131,0.8463044616435872,0.4718350644673848,41.6761398315429688,0.0000000000000000,0.0000000000000000,0.0000000000000000,1.0000000000000000
-0.2056125109979315,0.4300372443343869,-0.8790855838918143,-124.2181091308593750,-0.9468807027180927,-0.3143830890608540,0.0676772349660243,256.5351257324218750,-0.2472659097838131,0.8463044616435872,0.4718350644673848,41.6761398315429688,0.0000000000000000,0.0000000000000000,0.0000000000000000,1.0000000000000000
-0.2056125109979315,0.4300372443343869,-0.8790855838918143,-124.2181091308593750,-0.9468807027180927,-0.3143830890608540,0.0676772349660243,256.5351257324218750,-0.2472659097838131,0.8463044616435872,0.4718350644673848,41.6761398315429688,0.0000000000000000,0.0000000000000000,0.0000000000000000,1.0000000000000000
-0.2056125109979315,0.4300372443343869,-0.8790855838918143,-124.2181091308593750,-0.9468807027180927,-0.3143830890608540,0.0676772349660243,256.5351257324218750,-0.2472659097838131,0.8463044616435872,0.4718350644673848,41.6761398315429688,0.0000000000000000,0.0000000000000000,0.0000000000000000,1.0000000000000000
-0.2056125109979315,0.4300372443343869,-0.8790855838918143,-124.2181091308593750,-0.9468807027180927,-0.3143830890608540,0.0676772349660243,256.5351257324218750,-0.2472659097838131,0.8463044616435872,0.4718350644673848,41.6761398315429688,0.0000000000000000,0.0000000000000000,0.0000000000000000,1.0000000000000000
-0.2056125109979315,0.4300372443343869,-0.8790855838918143,-124.2181091308593750,-0.9468807027180927,-0.3143830890608540,0.0676772349660243,256.5351257324218750,-0.2472659097838131,0.8463044616435872,0.4718350644673848,41.6761398315429688,0.0000000000000000,0.0000000000000000,0.0000000000000000,1.0000000000000000
-0.2056125109979315,0.4300372443343869,-0.8790855838918143,-124.2181091308593750,-0.9468807027180927,-0.3143830890608540,0.0676772349660243,256.5351257324218750,-0.2472659097838131,0.8463044616435872,0.4718350644673848,41.6761398315429688,0.0000000000000000,0.0000000000000000,0.0000000000000000,1.0000000000000000
-0.2056125109979315,0.4300372443343869,-0.8790855838918143,-124.2181091308593750,-0.9468807027180927,-0.3143830890608540,0.0676772349660243,256.5351257324218750,-0.2472659097838131,0.8463044616435872,0.4718350644673848,41.6761398315429688,0.0000000000000000,0.0000000000000000,0.0000000000000000,1.0000000000000000
-0.2056125109979315,0.4300372443343869,-0.8790855838918143,-124.2181091308593750,-0.9468807027180927,-0.3143830890608540,0.0676772349660243,256.5351257324218750,-0.2472659097838131,0.8463044616435872,0.4718350644673848,41.6761398315429688,0.0000000000000000,0.0000000000000000,0.0000000000000000,1.0000000000000000
-0.2056125109979315,0.4300372443343869,-0.8790855838918143,-124.2181091308593750,-0.9468807027180927,-0.3143830890608540,0.0676772349660243,256.5351257324218750,-0.2472659097838131,0.8463044616435872,0.4718350644673848,41.6761398315429688,0.0000000000000000,0.0000000000000000,0.0000000000000000,1.0000000000000000
-0.2056125109979315,0.4300372443343869,-0.8790855838918143,-124.2181091308593750,-0.9468807027180927,-0.3143830890608540,0.0676772349660243,256.5351257324218750,-0.2472659097838131,0.8463044616435872,0.4718350644673848,41.6761398315429688,0.0000000000000000,0.0000000000000000,0.0000000000000000,1.0000000000000000
-0.2056125109979315,0.4300372443343869,-0.8790855838918143,-124.2181091308593750,-0.9468807027180927,-0.3143830890608540,0.0676772349660243,256.5351257324218750,-0.2472659097838131,0.8463044616435872,0.4718350644673848,41.6761398315429688,0.0000000000000000,0.0000000000000000,0.0000000000000000,1.0000000000000000
-0.2056125109979315,0.4300372443343869,-0.8790855838918143,-124.2181091308593750,-0.9468807027180927,-0.3143830890608540,0.0676772349660243,256.5351257324218750,-0.2472659097838131,0.8463044616435872,0.4718350644673848,41.6761398315429688,0.0000000000000000,0.0000000000000000,0.0000000000000000,1.0000000000000000
-0.2056125109979315,0.4300372443343869,-0.8790855838918143,-124.2181091308593750,-0.9468807027180927,-0.3143830890608540,0.0676772349660243,256.5351257324218750,-0.2472659097838131,0.8463044616435872,0.4718350644673848,41.6761398315429688,0.0000000000000000,0.0000000000000000,0.0000000000000000,1.0000000000000000
-0.2056125109979315,0.4300372443343869,-0.8790855838918143,-124.2181091308593750,-0.9468807027180927,-0.3143830890608540,0.0676772349660243,256.5351257324218750,-0.2472659097838131,0.8463044616435872,0.4718350644673848,41.6761398315429688,0.0000000000000000,0.0000000000000000,0.0000000000000000,1.0000000000000000
-0.2056125109979315,0.4300372443343869,-0.8790855838918143,-124.2181091308593750,-0.9468807027180927,-0.3143830890608540,0.0676772349660243,256.5351257324218750,-0.2472659097838131,0.8463044616435872,0.4718350644673848,41.6761398315429688,0.0000000000000000,0.0000000000000000,0.0000000000000000,1.0000000000000000
-0.2056125109979315,0.4300372443343869,-0.8790855838918143,-124.2181091308593750,-0.9468807027180927,-0.3143830890608540,0.0676772349660243,256.5351257324218750,-0.2472659097838131,0.8463044616435872,0.4718350644673848,41.6761398315429688,0.0000000000000000,0.0000000000000000,0.0000000000000000,1.0000000000000000
-0.2056125109979315,0.4300372443343869,-0.8790855838918143,-124.2181091308593750,-0.9468807027180927,-0.3143830890608540,0.0676772349660243,256.5351257324218750,-0.2472659097838131,0.8463044616435872,0.4718350644673848,41.6761398315429688,0.0000000000000000,0.0000000000000000,0.0000000000000000,1.0000000000000000
-0.2056125109979315,0.4300372443343869,-0.8790855838918143,-124.2181091308593750,-0.9468807027180927,-0.3143830890608540,0.0676772349660243,256.5351257324218750,-0.2472659097838131,0.8463044616435872,0.4718350644673848,41.6761398315429688,0.0000000000000000,0.0000000000000000,0.0000000000000000,1.0000000000000000
-0.2056125109979315,0.4300372443343869,-0.8790855838918143,-124.2181091308593750,-0.9468807027180927,-0.3143830890608540,0.0676772349660243,256.5351257324218750,-0.2472659097838131,0.8463044616435872,0.4718350644673848,41.6761398315429688,0.0000000000000000,0.0000000000000000,0.0000000000000000,1.0000000000000000
-0.2056125109979315,0.4300372443343869,-0.8790855838918143,-124.2181091308593750,-0.9468807027180927,-0.3143830890608540,0.0676772349660243,256.5351257324218750,-0.2472659097838131,0.8463044616435872,0.4718350644673848,41.6761398315429688,0.0000000000000000,0.0000000000000000,0.0000000000000000,1.0000000000000000
-0.2056125109979315,0.4300372443343869,-0.8790855838918143,-124.2181091308593750,-0.9468807027180927,-0.3143830890608540,0.0676772349660243,256.5351257324218750,-0.2472659097838131,0.8463044616435872,0.4718350644673848,41.6761398315429688,0.0000000000000000,0.0000000000000000,0.0000000000000000,1.0000000000000000
-0.2056125109979315,0.4300372443343869,-0.8790855838918143,-124.2181091308593750,-0.9468807027180927,-0.3143830890608540,0.0676772349660243,256.5351257324218750,-0.2472659097838131,0.8463044616435872,0.4718350644673848,41.6761398315429688,0.0000000000000000,0.0000000000000000,0.0000000000000000,1.0000000000000000
-0.2056125109979315,0.4300372443343869,-0.8790855838918143,-124.2181091308593750,-0.9468807027180927,-0.3143830890608540,0.0676772349660243,256.5351257324218750,-0.2472659097838131,0.8463044616435872,0.4718350644673848,41.6761398315429688,0.0000000000000000,0.0000000000000000,0.0000000000000000,1.0000000000000000
-0.2056125109979315,0.4300372443343869,-0.8790855838918143,-124.2181091308593750,-0.9468807027180927,-0.3143830890608540,0.0676772349660243,256.5351257324218750,-0.2472659097838131,0.8463044616435872,0.4718350644673848,41.6761398315429688,0.0000000000000000,0.0000000000000000,0.0000000000000000,1.0000000000000000
-0.2056125109979315,0.4300372443343869,-0.8790855838918143,-124.2181091308593750,-0.9468807027180927,-0.3143830890608540,0.0676772349660243,256.5351257324218750,-0.2472659097838131,0.8463044616435872,0.4718350644673848,41.6761398315429688,0.0000000000000000,0.0000000000000000,0.0000000000000000,1.0000000000000000
-0.2056125109979315,0.4300372443343869,-0.8790855838918143,-124.2181091308593750,-0.9468807027180927,-0.3143830890608540,0.0676772349660243,256.5351257324218750,-0.2472659097838131,0.8463044616435872,0.4718350644673848,41.6761398315429688,0.0000000000000000,0.0000000000000000,0.0000000000000000,1.0000000000000000
-0.2056125109979315,0.4300372443343869,-0.8790855838918143,-124.2181091308593750,-0.9468807027180927,-0.3143830890608540,0.0676772349660243,256.5351257324218750,-0.2472659097838131,0.8463044616435872,0.4718350644673848,41.6761398315429688,0.0000000000000000,0.0000000000000000,0.0000000000000000,1.0000000000000000
-0.2056125109979315,0.4300372443343869,-0.8790855838918143,-124.2181091308593750,-0.9468807027180927,-0.3143830890608540,0.0676772349660243,256.5351257324218750,-0.2472659097838131,0.8463044616435872,0.4718350644673848,41.6761398315429688,0.0000000000000000,0.0000000000000000,0.0000000000000000,1.0000000000000000
-0.2056125109979315,0.4300372443343869,-0.8790855838918143,-124.2181091308593750,-0.9468807027180927,-0.3143830890608540,0.0676772349660243,256.5351257324218750,-0.2472659097838131,0.8463044616435872,0.4718350644673848,41.6761398315429688,0.0000000000000000,0.0000000000000000,0.0000000000000000,1.0000000000000000
-0.2056125109979315,0.4300372443343869,-0.8790855838918143,-124.2181091308593750,-0.9468807027180927,-0.3143830890608540,0.0676772349660243,256.5351257324218750,-0.2472659097838131,0.8463044616435872,0.4718350644673848,41.6761398315429688,0.0000000000000000,0.0000000000000000,0.0000000000000000,1.0000000000000000
-0.1931055288168990,0.4282594728043532,-0.8827820108575408,-120.3380661010742188,-0.9518809169291598,-0.2999880054247856,0.0626890467893807,257.7201843261718750,-0.2379768365334076,0.8524089514749340,0.4655813620828861,36.2530632019042969,0.0000000000000000,0.0000000000000000,0.0000000000000000,1.0000000000000000
-0.1819789676271975,0.4284243446255853,-0.8850628431210279,-116.7229232788085938,-0.9581689708393910,-0.2794663154841571,0.0617316922681708,258.8339538574218750,-0.2208978919363468,0.8592736231503022,0.4613599049508211,30.1588382720947266,0.0000000000000000,0.0000000000000000,0.0000000000000000,1.0000000000000000
-0.1733089027340280,0.4295023048927311,-0.8862797494724556,-113.4171752929687500,-0.9677810021187747,-0.2411681353257109,0.0723730781541020,259.7606201171875000,-0.1826580306778418,0.8702676028644011,0.4574607559491213,21.2498550415039063,0.0000000000000000,0.0000000000000000,0.0000000000000000,1.0000000000000000
-0.1654273692508428,0.4318989657740728,-0.8866211529543111,-110.3468856811523438,-0.9766426358464471,-0.1967400005446842,0.0863859596959039,260.6239013671875000,-0.1371238394650981,0.8802026218712166,0.4543571250694613,11.7442913055419922,0.0000000000000000,0.0000000000000000,0.0000000000000000,1.0000000000000000
-0.1590890967186140,0.4449409596614176,-0.8813161757966506,-108.1292266845703125,-0.9819652177799389,-0.1636792198636697,0.0946225346057594,261.5689086914062500,-0.1021517027545462,0.8804752440587967,0.4629561255928574,6.1713867187500000,0.0000000000000000,0.0000000000000000,0.0000000000000000,1.0000000000000000
-0.1532268127299609,0.4695524060421975,-0.8695068037920122,-106.9743652343750000,-0.9844808311841504,-0.1487104347619706,0.0931810046300753,262.5036621093750000,-0.0855513698989206,0.8702906092638765,0.4850517689232038,5.5242056846618652,0.0000000000000000,0.0000000000000000,0.0000000000000000,1.0000000000000000
-0.1470663922487221,0.4989339178047596,-0.8540705017356229,-106.4037628173828125,-0.9860488435388107,-0.1420152713887837,0.0868293777942950,263.3536071777343750,-0.0779689324456820,0.8549249138704309,0.5128588862610426,7.0345573425292969,0.0000000000000000,0.0000000000000000,0.0000000000000000,1.0000000000000000
-0.1421282713331204,0.5310152553666798,-0.8353576198585362,-106.0014343261718750,-0.9872455453400244,-0.1372049388277660,0.0807529440178317,264.2900695800781250,-0.0717341459427586,0.8361803653095000,0.5437431461423070,9.5897750854492188,0.0000000000000000,0.0000000000000000,0.0000000000000000,1.0000000000000000
-0.1398835214987603,0.5636987816535255,-0.8140493129875099,-105.3514480590820313,-0.9883994208899098,-0.1286081678958426,0.0807869044769361,265.4844360351562500,-0.0591539110929843,0.8159066262219016,0.5751497127614665,12.0771942138671875,0.0000000000000000,0.0000000000000000,0.0000000000000000,1.0000000000000000
-0.1417395006884781,0.5950648911573438,-0.7910800776511058,-104.0378265380859375,-0.9893700173540279,-0.1114035313833426,0.0934677589129589,267.1080627441406250,-0.0325097324730814,0.7959189836328942,0.6045296426043223,13.3841514587402344,0.0000000000000000,0.0000000000000000,0.0000000000000000,1.0000000000000000
-0.1517916145796654,0.6292063861344001,-0.7622720179771698,-101.4778289794921875,-0.9881442960207758,-0.0786363703057543,0.1318604243385473,269.6300964355468750,0.0230251163928386,0.7732500532898943,0.6336830430919481,12.9475078582763672,0.0000000000000000,0.0000000000000000,0.0000000000000000,1.0000000000000000
-0.1681014990643730,0.6669815311701925,-0.7258632950426520,-97.9981460571289063,-0.9806290681559457,-0.0380446774101711,0.1921437826429926,272.8980712890625000,0.1005411194482744,0.7441023045244664,0.6604568446927220,11.5322494506835938,0.0000000000000000,0.0000000000000000,0.0000000000000000,1.0000000000000000
-0.1834832505050368,0.7013802427932266,-0.6887667615408140,-94.5469512939453125,-0.9673127069633876,-0.0040578150392721,0.2535540594908126,276.1507263183593750,0.1750429196833433,0.7127757635865727,0.6791985623603080,10.0178728103637695,0.0000000000000000,0.0000000000000000,0.0000000000000000,1.0000000000000000
-0.1923469588696433,0.7247101478136510,-0.6616629421915028,-92.0724563598632813,-0.9558208942432465,0.0143696595791321,0.2935982476303640,278.6270446777343750,0.2222815006734490,0.6889039951542566,0.6899291412303612,9.2838859558105469,0.0000000000000000,0.0000000000000000,0.0000000000000000,1.0000000000000000
-0.1938031192842377,0.7331454049805085,-0.6518728143676997,-90.8708801269531250,-0.9530313527347383,0.0169462476825351,0.3023971980592363,280.1383361816406250,0.2327479144058961,0.6798607503345433,0.6954263213987930,9.6678428649902344,0.0000000000000000,0.0000000000000000,0.0000000000000000,1.0000000000000000
-0.1913451594065457,0.7317236644920018,-0.6541922567518512,-90.4220352172851563,-0.9563738048549744,0.0109173748730170,0.2919417001956073,281.0858459472656250,0.2207627127911402,0.6815139688577765,0.6977123582772620,10.6663351058959961,0.0000000000000000,0.0000000000000000,0.0000000000000000,1.0000000000000000
-0.1869352875113001,0.7258425424107205,-0.6619726594881461,-90.4495925903320313,-0.9620967520423299,0.0009293820334293,0.2727067581829167,281.5928955078125000,0.1985573921884236,0.6878602618815666,0.6981570182498744,11.8974161148071289,0.0000000000000000,0.0000000000000000,0.0000000000000000,1.0000000000000000
-0.1826642465427911,0.7207730135289315,-0.6686703492778615,-90.6771469116210938,-0.9668434556644306,-0.0082389526111409,0.2552368545072082,281.7829589843750000,0.1784586934666305,0.6931221989146604,0.6983796332209932,12.9791421890258789,0.0000000000000000,0.0000000000000000,0.0000000000000000,1.0000000000000000
-0.1776056759953213,0.7159854371778746,-0.6751452270463389,-91.2782745361328125,-0.9710312944429347,-0.0160587939562625,0.2384121229072653,281.4322204589843750,0.1598575899565723,0.6979304900102001,0.6980963988213936,13.8316488265991211,0.0000000000000000,0.0000000000000000,0.0000000000000000,1.0000000000000000
-0.1706632235201263,0.7090822924017292,-0.6841610678341966,-92.3385848999023438,-0.9757776655117183,-0.0251787121349069,0.2173107911350214,280.5433959960937500,0.1368649393607465,0.7046760497260683,0.6962037441124854,14.6498765945434570,0.0000000000000000,0.0000000000000000,0.0000000000000000,1.0000000000000000
-0.1639929706722919,0.7024269942586922,-0.6926056766348194,-93.4497604370117188,-0.9798414815489151,-0.0347857415454517,0.1967247397282812,279.5798034667968750,0.1140919655633286,0.7109052467958246,0.6939717238274654,15.4640846252441406,0.0000000000000000,0.0000000000000000,0.0000000000000000,1.0000000000000000
-0.1598771347677083,0.6983093868915841,-0.6977129079768899,-94.2034683227539063,-0.9824377104331650,-0.0436757341334945,0.1814072086956343,279.0046386718750000,0.0962052332116560,0.7144623366049468,0.6930282264638943,16.3045310974121094,0.0000000000000000,0.0000000000000000,0.0000000000000000,1.0000000000000000
-0.1606608560650228,0.6989396382185143,-0.6969013355242092,-94.1913909912109375,-0.9830882788018764,-0.0504410446578238,0.1760486782006375,279.2811889648437500,0.0878949680631275,0.7133996657840539,0.6952232673381855,17.2014732360839844,0.0000000000000000,0.0000000000000000,0.0000000000000000,1.0000000000000000
-0.1685763121578027,0.7057541896573956,-0.6881083132474917,-93.1092834472656250,-0.9814940681876645,-0.0558530300559434,0.1831661353689543,280.7815856933593750,0.0908373331384364,0.7062516993357275,0.7021090485769956,18.3508834838867188,0.0000000000000000,0.0000000000000000,0.0000000000000000,1.0000000000000000
-0.1820759092445930,0.7169997788402718,-0.6728741936021593,-91.2288436889648438,-0.9780358023087681,-0.0614476022389503,0.1991736970117494,283.2051086425781250,0.1014609909029037,0.6943597837735745,0.7124395820018115,19.7673454284667969,0.0000000000000000,0.0000000000000000,0.0000000000000000,1.0000000000000000
-0.1978212195549247,0.7301332854605576,-0.6540429271510964,-89.0056457519531250,-0.9732815582683115,-0.0669516149053755,0.2196371771726485,286.0056152343750000,0.1165751835881436,0.6800168135598811,0.7238697119283665,21.2090320587158203,0.0000000000000000,0.0000000000000000,0.0000000000000000,1.0000000000000000
-0.2125387934478400,0.7427719024142998,-0.6349150827186090,-86.8952789306640625,-0.9680596681540198,-0.0716200683900543,0.2402728546826151,288.6369628906250000,0.1329952637249368,0.6657029869150699,0.7342695642875910,22.4341201782226563,0.0000000000000000,0.0000000000000000,0.0000000000000000,1.0000000000000000
-0.2230774865303254,0.7527331443915231,-0.6193781141901632,-85.3533325195312500,-0.9635680628720893,-0.0740939433807498,0.2569954781065609,290.5531311035156250,0.1475568474054729,0.6541428749812540,0.7418383084574545,23.2007789611816406,0.0000000000000000,0.0000000000000000,0.0000000000000000,1.0000000000000000
-0.2264000269105197,0.7579749046155017,-0.6117328434766579,-84.8353881835937500,-0.9612782658033689,-0.0725637743957296,0.2658544608230474,291.2078857421875000,0.1571213655394566,0.6482349439968250,0.7450532423071855,23.2671871185302734,0.0000000000000000,0.0000000000000000,0.0000000000000000,1.0000000000000000
-0.2230586558674756,0.7587811163937206,-0.6119608267257752,-85.2929763793945313,-0.9612478688837248,-0.0668772623877224,0.2674508671551111,290.6827392578125000,0.1620104027804766,0.6479032714686839,0.7442942833389793,22.6203250885009766,0.0000000000000000,0.0000000000000000,0.0000000000000000,1.0000000000000000
-0.2161905607655785,0.7571843622952252,-0.6163874454687066,-86.2812194824218750,-0.9623087057961641,-0.0585619779318985,0.2655794598413347,289.5274047851562500,0.1649957459596338,0.6505707772689123,0.7413056505780509,21.4987258911132813,0.0000000000000000,0.0000000000000000,0.0000000000000000,1.0000000000000000
-0.2066602369731313,0.7537318520336838,-0.6238428020616109,-87.6611022949218750,-0.9641199244077591,-0.0482913344630465,0.2610377719330198,287.8979492187500000,0.1666262818831000,0.6554054029725810,0.7366677948303174,20.0378818511962891,0.0000000000000000,0.0000000000000000,0.0000000000000000,1.0000000000000000
-0.1953298419288901,0.7489827580816355,-0.6331438074785702,-89.2936172485351563,-0.9663369259623006,-0.0367568773284764,0.2546406831022699,285.9506530761718750,0.1674490918869556,0.6615691649899392,0.7309494110817439,18.3732967376708984,0.0000000000000000,0.0000000000000000,0.0000000000000000,1.0000000000000000
-0.1830688857368946,0.7435436548088412,-0.6431396554937057,-91.0397644042968750,-0.9686373314815092,-0.0246216387438118,0.2472559300925867,283.8416137695312500,0.1680104256748157,0.6682339472812497,0.7247315976038903,16.6404609680175781,0.0000000000000000,0.0000000000000000,0.0000000000000000,1.0000000000000000
-0.1707586681628688,0.7380865233510711,-0.6527401943306175,-92.7604980468750000,-0.9707363491573492,-0.0124914374572695,0.2398226520054187,281.7270812988281250,0.1688562041261864,0.6745904298444948,0.7186204382637024,14.9748744964599609,0.0000000000000000,0.0000000000000000,0.0000000000000000,1.0000000000000000
-0.1592930472360171,0.7333505593373056,-0.6609256253330814,-94.3168411254882813,-0.9723911563369598,-0.0009064753588392,0.2333551314629572,279.7631530761718750,0.1705320033892003,0.6798500830492592,0.7132479936165127,13.5120296478271484,0.0000000000000000,0.0000000000000000,0.0000000000000000,1.0000000000000000
-0.1495740090629475,0.7301311312677641,-0.6667354400108730,-95.5697555541992188,-0.9733944415984647,0.0096463177933214,0.2289327622212319,278.1061096191406250,0.1735824786032569,0.6832389623745747,0.7092627463889982,12.3874254226684570,0.0000000000000000,0.0000000000000000,0.0000000000000000,1.0000000000000000
-0.1425057363456954,0.7292578366764062,-0.6692347291904531,-96.3802490234375000,-0.9735563320014863,0.0186963884007984,0.2276807270731936,276.9120178222656250,0.1785502269065564,0.6839835178619544,0.7073092419619600,11.7365598678588867,0.0000000000000000,0.0000000000000000,0.0000000000000000,1.0000000000000000
-0.1380377707684786,0.7311986280541906,-0.6680524980665355,-96.7458114624023438,-0.9727173869113178,0.0268966949192665,0.2304288458566711,276.1927795410156250,0.1864576601850579,0.6816341644416669,0.7075368589863175,11.5439243316650391,0.0000000000000000,0.0000000000000000,0.0000000000000000,1.0000000000000000
-0.1353436177760214,0.7354779720100565,-0.6638932578474289,-96.7842941284179688,-0.9709740359690591,0.0349125404270691,0.2366231941185927,275.8116455078125000,0.1972093471447415,0.6766485551664930,0.7094048253217919,11.6979351043701172,0.0000000000000000,0.0000000000000000,0.0000000000000000,1.0000000000000000
-0.1341551278337998,0.7415114231861807,-0.6573912160656711,-96.5371856689453125,-0.9685249187567204,0.0422497010608142,0.2453047991939004,275.7017822265625000,0.2096708931234491,0.6696086708254880,0.7125042768518225,12.1899671554565430,0.0000000000000000,0.0000000000000000,0.0000000000000000,1.0000000000000000
-0.1342051267905746,0.7487126926756433,-0.6491673803954672,-96.0459594726562500,-0.9656018683318559,0.0484268749691877,0.2554757711696902,275.7964477539062500,0.2227151001103317,0.6611233936317078,0.7164592399960649,13.0114002227783203,0.0000000000000000,0.0000000000000000,0.0000000000000000,1.0000000000000000
-0.1352347991695925,0.7565000023662884,-0.6398588090456875,-95.3520965576171875,-0.9624864481935163,0.0530138282545790,0.2661003026259533,276.0288391113281250,0.2352262445761313,0.6518414534483056,0.7209516859186963,14.1536102294921875,0.0000000000000000,0.0000000000000000,0.0000000000000000,1.0000000000000000
-0.1369963167506060,0.7643022311967427,-0.6301381662655013,-94.4970855712890625,-0.9595133655353891,0.0556553211028475,0.2761097365032419,276.3321533203125000,0.2461018296472385,0.6424520095856342,0.7257336321431312,15.6079750061035156,0.0000000000000000,0.0000000000000000,0.0000000000000000,1.0000000000000000
-0.1392546023060409,0.7715631439913043,-0.6207241501430729,-93.5224227905273438,-0.9570603013641952,0.0560772600710355,0.2844132916296313,276.6396789550781250,0.2542513230826198,0.6336763020163995,0.7306234385602188,17.3658714294433594,0.0000000000000000,0.0000000000000000,0.0000000000000000,1.0000000000000000
-0.1454117759091739,0.7785430061021019,-0.6105130654428641,-91.9842605590820313,-0.9548705843768072,0.0510990741281785,0.2925936631493204,277.4385986328125000,0.2589934024619842,0.6255075317474165,0.7359774080828972,19.6116809844970703,0.0000000000000000,0.0000000000000000,0.0000000000000000,1.0000000000000000
-0.1561033590659350,0.7858115506226265,-0.5984412654525045,-89.7571487426757813,-0.9526734677768105,0.0402238270584090,0.3013225971129309,278.8404235839843750,0.2608543752411262,0.6171565851911803,0.7423427404324252,22.5052452087402344,0.0000000000000000,0.0000000000000000,0.0000000000000000,1.0000000000000000
-0.1669800356575437,0.7933413623404715,-0.5854290311315029,-87.3600921630859375,-0.9509094583483464,0.0273293867685511,0.3082601282075083,280.2148437500000000,0.2605549264847240,0.6081632900945433,0.7498323431714055,26.0011177062988281,0.0000000000000000,0.0000000000000000,0.0000000000000000,1.0000000000000000
-0.1737163232984185,0.8012942254987631,-0.5724947189293689,-85.3121261596679688,-0.9501786378287707,0.0164000505750933,0.3112741469428458,280.9315795898437500,0.2588111188367712,0.5980456525412353,0.7585236991966611,30.0538558959960938,0.0000000000000000,0.0000000000000000,0.0000000000000000,1.0000000000000000
-0.1719816192788761,0.8100071407818235,-0.5606342430789177,-84.1322708129882813,-0.9511641212476275,0.0115502620787893,0.3084694569923251,280.3602294921875000,0.2563379353147802,0.5863062538711031,0.7684632974906408,34.6180191040039063,0.0000000000000000,0.0000000000000000,0.0000000000000000,1.0000000000000000
-0.1560224666204363,0.8190902288033872,-0.5520400229951539,-84.5219955444335938,-0.9555403630660423,0.0164045771806757,0.2944036419597069,277.4944458007812500,0.2501991296173728,0.5734301064003690,0.7801142920190417,40.0782089233398438,0.0000000000000000,0.0000000000000000,0.0000000000000000,1.0000000000000000
-0.1283300113618018,0.8287167687702724,-0.5447567579597695,-86.0972518920898438,-0.9621475584628604,0.0291284037795039,0.2709679166196891,272.7644653320312500,0.2404235511089469,0.5589097004456242,0.7936097673415735,46.5396537780761719,0.0000000000000000,0.0000000000000000,0.0000000000000000,1.0000000000000000
-0.0971326140681741,0.8399088032677529,-0.5339648466684058,-87.7487945556640625,-0.9678050152546395,0.0454617154816604,0.2475614769576067,267.6949462890625000,0.2322040217831084,0.5408201499748281,0.8084521368942963,53.5378875732421875,0.0000000000000000,0.0000000000000000,0.0000000000000000,1.0000000000000000
-0.0710391657663366,0.8536350707051923,-0.5160044602417347,-88.3673782348632813,-0.9704111148231672,0.0605376681303331,0.2337465699534423,263.8106689453125000,0.2307719765371887,0.5173416248471436,0.8240764151737607,60.6084289550781250,0.0000000000000000,0.0000000000000000,0.0000000000000000,1.0000000000000000
-0.0596341250034261,0.8770452642782004,-0.4766921181876803,-86.0586013793945313,-0.9657840504695371,0.0700531701890836,0.2497072710297278,263.3480224609375000,0.2523983735956521,0.4752727193450523,0.8428587682717840,68.2039031982421875,0.0000000000000000,0.0000000000000000,0.0000000000000000,1.0000000000000000
-0.0497699982580636,0.9011441021833738,-0.4306532878935369,-82.5264358520507813,-0.9591864886152204,0.0770479961558563,0.2720751483439291,263.6594238281250000,0.2783598881509263,0.4266179946843410,0.8605305684751213,76.3292312622070313,0.0000000000000000,0.0000000000000000,0.0000000000000000,1.0000000000000000
-0.0264044426508212,0.9178596578194119,-0.3960258248598587,-80.1892929077148438,-0.9564188977123450,0.0920498468813684,0.2771095772213940,261.8863830566406250,0.2908018182663282,0.3860835068178238,0.8754277972832759,84.3940734863281250,0.0000000000000000,0.0000000000000000,0.0000000000000000,1.0000000000000000
-0.0000687584508965,0.9311613617786432,-0.3646073416743253,-77.9437255859375000,-0.9544680085220568,0.1087061043099204,0.2778017343244994,259.5978698730468750,0.2983132849542818,0.3480251445173229,0.8887562561262126,92.5261001586914063,0.0000000000000000,0.0000000000000000,0.0000000000000000,1.0000000000000000
0.0162470755349568,0.9406996520547111,-0.3388512906286575,-74.7952651977539063,-0.9556918638955407,0.1142318279396701,0.2713008491867080,257.6337585449218750,0.2939202167603118,0.3194295761348769,0.9008749369750856,100.6664047241210938,0.0000000000000000,0.0000000000000000,0.0000000000000000,1.0000000000000000
0.0190396015499746,0.9474544128675175,-0.3193237058388964,-70.7208938598632813,-0.9612147962553307,0.1052372981782881,0.2549337689125500,256.1601562500000000,0.2751428883919074,0.3020848334657037,0.9127108766511752,108.9516830444335938,0.0000000000000000,0.0000000000000000,0.0000000000000000,1.0000000000000000
0.0157676009870377,0.9526630983380048,-0.3036188462927603,-66.3410568237304688,-0.9686361988723836,0.0898645774783946,0.2316641360864677,254.7933349609375000,0.2479824529945080,0.2904434175182197,0.9242009111806607,117.3989639282226563,0.0000000000000000,0.0000000000000000,0.0000000000000000,1.0000000000000000
0.0100206701475974,0.9570985069531840,-0.2895894234218147,-61.6263771057128906,-0.9758449746482759,0.0725647095297031,0.2060605454340436,253.5483093261718750,0.2182342127703600,0.2805295188012411,0.9347069152721860,125.7696990966796875,0.0000000000000000,0.0000000000000000,0.0000000000000000,1.0000000000000000
0.0055313064061624,0.9615415792476979,-0.2746037072351432,-56.5475158691406250,-0.9814054139144943,0.0579087542772796,0.1830027041258505,252.4400787353515625,0.1918666677376794,0.2684853209318839,0.9439824226410902,133.8253631591796875,0.0000000000000000,0.0000000000000000,0.0000000000000000,1.0000000000000000
0.0061391617667460,0.9667818854467100,-0.2555290524870047,-51.0751113891601563,-0.9845542971283222,0.0505558518767516,0.1676214241890679,251.4837188720703125,0.1749718454465095,0.2505531716285401,0.9521596302553066,141.3274536132812500,0.0000000000000000,0.0000000000000000,0.0000000000000000,1.0000000000000000
0.0118817801895128,0.9724793413795428,-0.2326859555055666,-45.3880538940429688,-0.9857847221676006,0.0503941075630312,0.1602776199719491,250.7116546630859375,0.1675926753783560,0.2274738765505527,0.9592540490644743,148.2130889892578125,0.0000000000000000,0.0000000000000000,0.0000000000000000,1.0000000000000000
0.0197721897667057,0.9777858468523328,-0.2086717475057317,-39.6476936340332031,-0.9861360681360384,0.0534658722440430,0.1570893237186362,250.1030731201171875,0.1647565344167696,0.2026727366974901,0.9652870278660776,154.6830444335937500,0.0000000000000000,0.0000000000000000,0.0000000000000000,1.0000000000000000
0.0291280292914368,0.9825687534137145,-0.1836033842951053,-33.7983627319335938,-0.9858542609707029,0.0585696640200922,0.1570381182467578,249.5931243896484375,0.1650543366152685,0.1764319678278073,0.9703756111387494,160.8942718505859375,0.0000000000000000,0.0000000000000000,0.0000000000000000,1.0000000000000000
0.0392689601230020,0.9867229501862824,-0.1575936811757920,-27.7843894958496094,-0.9851626484502345,0.0646015244115044,0.1590006262321930,249.1169586181640625,0.1670703590388727,0.1490116190751208,0.9746194295781473,167.0036773681640625,0.0000000000000000,0.0000000000000000,0.0000000000000000,1.0000000000000000
0.0495226683406514,0.9901820914422921,-0.1307169885951713,-21.5501136779785156,-0.9843044178261302,0.0705818034890590,0.1617498750051911,248.6097412109375000,0.1693880703248755,0.1206550239451311,0.9781360063040387,173.1681671142578125,0.0000000000000000,0.0000000000000000,0.0000000000000000,1.0000000000000000
0.0592291840384627,0.9929172368877407,-0.1029915746522594,-15.0398664474487305,-0.9835598750742314,0.0756779375899839,0.1639598179618689,248.0066070556640625,0.1705927193701437,0.0915871740656983,0.9810758959655255,179.5447082519531250,0.0000000000000000,0.0000000000000000,0.0000000000000000,1.0000000000000000
0.0677398056049076,0.9949265904408771,-0.0743800939116156,-8.1979742050170898,-0.9832389869327268,0.0792203594907511,0.1642109290445108,247.2426605224609375,0.1692702375260180,0.0620097917739416,0.9836169846093743,186.2902069091796875,0.0000000000000000,0.0000000000000000,0.0000000000000000,1.0000000000000000
0.0744120427795332,0.9962203044993205,-0.0448101862600253,-0.9687643051147461,-0.9836492780157026,0.0807146249185664,0.1609945563782897,246.2531280517578125,0.1640028833544218,0.0320975735459298,0.9859375233877143,193.5615844726562500,0.0000000000000000,0.0000000000000000,0.0000000000000000,1.0000000000000000
0.0792505917494614,0.9967578894126740,-0.0138943729959918,6.7487697601318359,-0.9847628943245098,0.0804460465984904,0.1541767672131179,245.0189514160156250,0.1547946564613089,0.0014640629306986,0.9879455809156497,201.3960418701171875,0.0000000000000000,0.0000000000000000,0.0000000000000000,1.0000000000000000
0.0828733416543987,0.9963887864704469,0.0184768893210875,14.9449157714843750,-0.9862486135495641,0.0793414962855328,0.1449779267293317,243.5937805175781250,0.1429883964334029,-0.0302376117298176,0.9892623541418530,209.6600341796875000,0.0000000000000000,0.0000000000000000,0.0000000000000000,1.0000000000000000
0.0855526629489223,0.9949786068296582,0.0519452963574250,23.5092220306396484,-0.9879250706853914,0.0779560393548843,0.1338914136132864,242.0216674804687500,0.1291696426162607,-0.0627728275562949,0.9896336572424037,218.2544708251953125,0.0000000000000000,0.0000000000000000,0.0000000000000000,1.0000000000000000
0.0875612127249333,0.9924277851112775,0.0861401495544493,32.3312416076660156,-0.9896228115083854,0.0767711974763266,0.1214614102515274,240.3467254638671875,0.1139285959203306,-0.0958815653667312,0.9888513540742346,227.0802001953125000,0.0000000000000000,0.0000000000000000,0.0000000000000000,1.0000000000000000
0.0891750535304813,0.9886767136996713,0.1206903708497660,41.3005256652832031,-0.9911967768793398,0.0761841201605424,0.1082817128575843,238.6130065917968750,0.0978609183067689,-0.1292839341271076,0.9867668949882609,236.0381164550781250,0.0000000000000000,0.0000000000000000,0.0000000000000000,1.0000000000000000
0.0906746840952608,0.9837075204802535,0.1552340678292502,50.3066291809082031,-0.9925345606707979,0.0764983873102927,0.0949902237756630,236.8646087646484375,0.0815674416556677,-0.1626883858470421,0.9833001787715862,245.0290527343750000,0.0000000000000000,0.0000000000000000,0.0000000000000000,1.0000000000000000
0.0923450635736190,0.9775431610725542,0.1894248069125651,59.2390937805175781,-0.9935602947665008,0.0779180937552539,0.0822600226662499,235.1455688476562500,0.0656531027224818,-0.1958012740148179,0.9784434225835880,253.9539031982421875,0.0000000000000000,0.0000000000000000,0.0000000000000000,1.0000000000000000
0.0944761170499952,0.9702446564606735,0.2229340035002854,67.9874877929687500,-0.9942339756127536,0.0805469321642925,0.0707883709106192,233.5000152587890625,0.0507253885585328,-0.2283363710152864,0.9722599635010974,262.7135620117187500,0.0000000000000000,0.0000000000000000,0.0000000000000000,1.0000000000000000
