-0.0155271111902810,0.9420319969694735,-0.3351635802168705,-155.8195800781250000,-0.9917839671189269,-0.0570790994472492,-0.1144837934911951,213.0800170898437500,-0.1269782319294461,0.3306322626302476,0.9351785046311077,130.3849639892578100,0.0000000000000000,0.0000000000000000,0.0000000000000000,1.0000000000000000
-0.0155271111902810,0.9420319969694735,-0.3351635802168705,-155.8195800781250000,-0.9917839671189269,-0.0570790994472492,-0.1144837934911951,213.0800170898437500,-0.1269782319294461,0.3306322626302476,0.9351785046311077,130.3849639892578100,0.0000000000000000,0.0000000000000000,0.0000000000000000,1.0000000000000000
-0.0155271111902810,0.9420319969694735,-0.3351635802168705,-155.8195800781250000,-0.9917839671189269,-0.0570790994472492,-0.1144837934911951,213.0800170898437500,-0.1269782319294461,0.3306322626302476,0.9351785046311077,130.3849639892578100,0.0000000000000000,0.0000000000000000,0.0000000000000000,1.0000000000000000
-0.0155271111902810,0.9420319969694735,-0.3351635802168705,-155.8195800781250000,-0.9917839671189269,-0.0570790994472492,-0.1144837934911951,213.0800170898437500,-0.1269782319294461,0.3306322626302476,0.9351785046311077,130.3849639892578100,0.0000000000000000,0.0000000000000000,0.0000000000000000,1.0000000000000000
-0.0155271111902810,0.9420319969694735,-0.3351635802168705,-155.8195800781250000,-0.9917839671189269,-0.0570790994472492,-0.1144837934911951,213.0800170898437500,-0.1269782319294461,0.3306322626302476,0.9351785046311077,130.3849639892578100,0.0000000000000000,0.0000000000000000,0.0000000000000000,1.0000000000000000
-0.0155271111902810,0.9420319969694735,-0.3351635802168705,-155.8195800781250000,-0.9917839671189269,-0.0570790994472492,-0.1144837934911951,213.0800170898437500,-0.1269782319294461,0.3306322626302476,0.9351785046311077,130.3849639892578100,0.0000000000000000,0.0000000000000000,0.0000000000000000,1.0000000000000000
-0.0155271111902810,0.9420319969694735,-0.3351635802168705,-155.8195800781250000,-0.9917839671189269,-0.0570790994472492,-0.1144837934911951,213.0800170898437500,-0.1269782319294461,0.3306322626302476,0.9351785046311077,130.3849639892578100,0.0000000000000000,0.0000000000000000,0.0000000000000000,1.0000000000000000
-0.0155271111902810,0.9420319969694735,-0.3351635802168705,-155.8195800781250000,-0.9917839671189269,-0.0570790994472492,-0.1144837934911951,213.0800170898437500,-0.1269782319294461,0.3306322626302476,0.9351785046311077,130.3849639892578100,0.0000000000000000,0.0000000000000000,0.0000000000000000,1.0000000000000000
-0.0155271111902810,0.9420319969694735,-0.3351635802168705,-155.8195800781250000,-0.9917839671189269,-0.0570790994472492,-0.1144837934911951,213.0800170898437500,-0.1269782319294461,0.3306322626302476,0.9351785046311077,130.3849639892578100,0.0000000000000000,0.0000000000000000,0.0000000000000000,1.0000000000000000
-0.0155271111902810,0.9420319969694735,-0.3351635802168705,-155.8195800781250000,-0.9917839671189269,-0.0570790994472492,-0.1144837934911951,213.0800170898437500,-0.1269782319294461,0.3306322626302476,0.9351785046311077,130.3849639892578100,0.0000000000000000,0.0000000000000000,0.0000000000000000,1.0000000000000000
-0.0155271111902810,0.9420319969694735,-0.3351635802168705,-155.8195800781250000,-0.9917839671189269,-0.0570790994472492,-0.1144837934911951,213.0800170898437500,-0.1269782319294461,0.3306322626302476,0.9351785046311077,130.3849639892578100,0.0000000000000000,0.0000000000000000,0.0000000000000000,1.0000000000000000
-0.0155271111902810,0.9420319969694735,-0.3351635802168705,-155.8195800781250000,-0.9917839671189269,-0.0570790994472492,-0.1144837934911951,213.0800170898437500,-0.1269782319294461,0.3306322626302476,0.9351785046311077,130.3849639892578100,0.0000000000000000,0.0000000000000000,0.0000000000000000,1.0000000000000000
-0.0155271111902810,0.9420319969694735,-0.3351635802168705,-155.8195800781250000,-0.9917839671189269,-0.0570790994472492,-0.1144837934911951,213.0800170898437500,-0.1269782319294461,0.3306322626302476,0.9351785046311077,130.3849639892578100,0.0000000000000000,0.0000000000000000,0.0000000000000000,1.0000000000000000
-0.0155271111902810,0.9420319969694735,-0.3351635802168705,-155.8195800781250000,-0.9917839671189269,-0.0570790994472492,-0.1144837934911951,213.0800170898437500,-0.1269782319294461,0.3306322626302476,0.9351785046311077,130.3849639892578100,0.0000000000000000,0.0000000000000000,0.0000000000000000,1.0000000000000000
-0.0155271111902810,0.9420319969694735,-0.3351635802168705,-155.8195800781250000,-0.9917839671189269,-0.0570790994472492,-0.1144837934911951,213.0800170898437500,-0.1269782319294461,0.3306322626302476,0.9351785046311077,130.3849639892578100,0.0000000000000000,0.0000000000000000,0.0000000000000000,1.0000000000000000
-0.0155271111902810,0.9420319969694735,-0.3351635802168705,-155.8195800781250000,-0.9917839671189269,-0.0570790994472492,-0.1144837934911951,213.0800170898437500,-0.1269782319294461,0.3306322626302476,0.9351785046311077,130.3849639892578100,0.0000000000000000,0.0000000000000000,0.0000000000000000,1.0000000000000000
-0.0155271111902810,0.9420319969694735,-0.3351635802168705,-155.8195800781250000,-0.9917839671189269,-0.0570790994472492,-0.1144837934911951,213.0800170898437500,-0.1269782319294461,0.3306322626302476,0.9351785046311077,130.3849639892578100,0.0000000000000000,0.0000000000000000,0.0000000000000000,1.0000000000000000
-0.0155271111902810,0.9420319969694735,-0.3351635802168705,-155.8195800781250000,-0.9917839671189269,-0.0570790994472492,-0.1144837934911951,213.0800170898437500,-0.1269782319294461,0.3306322626302476,0.9351785046311077,130.3849639892578100,0.0000000000000000,0.0000000000000000,0.0000000000000000,1.0000000000000000
-0.0155271111902810,0.9420319969694735,-0.3351635802168705,-155.8195800781250000,-0.9917839671189269,-0.0570790994472492,-0.1144837934911951,213.0800170898437500,-0.1269782319294461,0.3306322626302476,0.9351785046311077,130.3849639892578100,0.0000000000000000,0.0000000000000000,0.0000000000000000,1.0000000000000000
-0.0155271111902810,0.9420319969694735,-0.3351635802168705,-155.8195800781250000,-0.9917839671189269,-0.0570790994472492,-0.1144837934911951,213.0800170898437500,-0.1269782319294461,0.3306322626302476,0.9351785046311077,130.3849639892578100,0.0000000000000000,0.0000000000000000,0.0000000000000000,1.0000000000000000
-0.0155271111902810,0.9420319969694735,-0.3351635802168705,-155.8195800781250000,-0.9917839671189269,-0.0570790994472492,-0.1144837934911951,213.0800170898437500,-0.1269782319294461,0.3306322626302476,0.9351785046311077,130.3849639892578100,0.0000000000000000,0.0000000000000000,0.0000000000000000,1.0000000000000000
-0.0155271111902810,0.9420319969694735,-0.3351635802168705,-155.8195800781250000,-0.9917839671189269,-0.0570790994472492,-0.1144837934911951,213.0800170898437500,-0.1269782319294461,0.3306322626302476,0.9351785046311077,130.3849639892578100,0.0000000000000000,0.0000000000000000,0.0000000000000000,1.0000000000000000
-0.0155271111902810,0.9420319969694735,-0.3351635802168705,-155.8195800781250000,-0.9917839671189269,-0.0570790994472492,-0.1144837934911951,213.0800170898437500,-0.1269782319294461,0.3306322626302476,0.9351785046311077,130.3849639892578100,0.0000000000000000,0.0000000000000000,0.0000000000000000,1.0000000000000000
-0.0155271111902810,0.9420319969694735,-0.3351635802168705,-155.8195800781250000,-0.9917839671189269,-0.0570790994472492,-0.1144837934911951,213.0800170898437500,-0.1269782319294461,0.3306322626302476,0.9351785046311077,130.3849639892578100,0.0000000000000000,0.0000000000000000,0.0000000000000000,1.0000000000000000
-0.0155271111902810,0.9420319969694735,-0.3351635802168705,-155.8195800781250000,-0.9917839671189269,-0.0570790994472492,-0.1144837934911951,213.0800170898437500,-0.1269782319294461,0.3306322626302476,0.9351785046311077,130.3849639892578100,0.0000000000000000,0.0000000000000000,0.0000000000000000,1.0000000000000000
-0.0155271111902810,0.9420319969694735,-0.3351635802168705,-155.8195800781250000,-0.9917839671189269,-0.0570790994472492,-0.1144837934911951,213.0800170898437500,-0.1269782319294461,0.3306322626302476,0.9351785046311077,130.3849639892578100,0.0000000000000000,0.0000000000000000,0.0000000000000000,1.0000000000000000
-0.0155271111902810,0.9420319969694735,-0.3351635802168705,-155.8195800781250000,-0.9917839671189269,-0.0570790994472492,-0.1144837934911951,213.0800170898437500,-0.1269782319294461,0.3306322626302476,0.9351785046311077,130.3849639892578100,0.0000000000000000,0.0000000000000000,0.0000000000000000,1.0000000000000000
-0.0155271111902810,0.9420319969694735,-0.3351635802168705,-155.8195800781250000,-0.9917839671189269,-0.0570790994472492,-0.1144837934911951,213.0800170898437500,-0.1269782319294461,0.3306322626302476,0.9351785046311077,130.3849639892578100,0.0000000000000000,0.0000000000000000,0.0000000000000000,1.0000000000000000
-0.0155271111902810,0.9420319969694735,-0.3351635802168705,-155.8195800781250000,-0.9917839671189269,-0.0570790994472492,-0.1144837934911951,213.0800170898437500,-0.1269782319294461,0.3306322626302476,0.9351785046311077,130.3849639892578100,0.0000000000000000,0.0000000000000000,0.0000000000000000,1.0000000000000000
-0.0155271111902810,0.9420319969694735,-0.3351635802168705,-155.8195800781250000,-0.9917839671189269,-0.0570790994472492,-0.1144837934911951,213.0800170898437500,-0.1269782319294461,0.3306322626302476,0.9351785046311077,130.3849639892578100,0.0000000000000000,0.0000000000000000,0.0000000000000000,1.0000000000000000
-0.0155271111902810,0.9420319969694735,-0.3351635802168705,-155.8195800781250000,-0.9917839671189269,-0.0570790994472492,-0.1144837934911951,213.0800170898437500,-0.1269782319294461,0.3306322626302476,0.9351785046311077,130.3849639892578100,0.0000000000000000,0.0000000000000000,0.0000000000000000,1.0000000000000000
-0.0155271111902810,0.9420319969694735,-0.3351635802168705,-155.8195800781250000,-0.9917839671189269,-0.0570790994472492,-0.1144837934911951,213.0800170898437500,-0.1269782319294461,0.3306322626302476,0.9351785046311077,130.3849639892578100,0.0000000000000000,0.0000000000000000,0.0000000000000000,1.0000000000000000
-0.0155271111902810,0.9420319969694735,-0.3351635802168705,-155.8195800781250000,-0.9917839671189269,-0.0570790994472492,-0.1144837934911951,213.0800170898437500,-0.1269782319294461,0.3306322626302476,0.9351785046311077,130.3849639892578100,0.0000000000000000,0.0000000000000000,0.0000000000000000,1.0000000000000000
-0.0155271111902810,0.9420319969694735,-0.3351635802168705,-155.8195800781250000,-0.9917839671189269,-0.0570790994472492,-0.1144837934911951,213.0800170898437500,-0.1269782319294461,0.3306322626302476,0.9351785046311077,130.3849639892578100,0.0000000000000000,0.0000000000000000,0.0000000000000000,1.0000000000000000
-0.0155271111902810,0.9420319969694735,-0.3351635802168705,-155.8195800781250000,-0.9917839671189269,-0.0570790994472492,-0.1144837934911951,213.0800170898437500,-0.1269782319294461,0.3306322626302476,0.9351785046311077,130.3849639892578100,0.0000000000000000,0.0000000000000000,0.0000000000000000,1.0000000000000000
-0.0155271111902810,0.9420319969694735,-0.3351635802168705,-155.8195800781250000,-0.9917839671189269,-0.0570790994472492,-0.1144837934911951,213.0800170898437500,-0.1269782319294461,0.3306322626302476,0.9351785046311077,130.3849639892578100,0.0000000000000000,0.0000000000000000,0.0000000000000000,1.0000000000000000
-0.0155271111902810,0.9420319969694735,-0.3351635802168705,-155.8195800781250000,-0.9917839671189269,-0.0570790994472492,-0.1144837934911951,213.0800170898437500,-0.1269782319294461,0.3306322626302476,0.9351785046311077,130.3849639892578100,0.0000000000000000,0.0000000000000000,0.0000000000000000,1.0000000000000000
-0.0155271111902810,0.9420319969694735,-0.3351635802168705,-155.8195800781250000,-0.9917839671189269,-0.0570790994472492,-0.1144837934911951,213.0800170898437500,-0.1269782319294461,0.3306322626302476,0.9351785046311077,130.3849639892578100,0.0000000000000000,0.0000000000000000,0.0000000000000000,1.0000000000000000
-0.0155271111902810,0.9420319969694735,-0.3351635802168705,-155.8195800781250000,-0.9917839671189269,-0.0570790994472492,-0.1144837934911951,213.0800170898437500,-0.1269782319294461,0.3306322626302476,0.9351785046311077,130.3849639892578100,0.0000000000000000,0.0000000000000000,0.0000000000000000,1.0000000000000000
-0.0155271111902810,0.9420319969694735,-0.3351635802168705,-155.8195800781250000,-0.9917839671189269,-0.0570790994472492,-0.1144837934911951,213.0800170898437500,-0.1269782319294461,0.3306322626302476,0.9351785046311077,130.3849639892578100,0.0000000000000000,0.0000000000000000,0.0000000000000000,1.0000000000000000
-0.0155271111902810,0.9420319969694735,-0.3351635802168705,-155.8195800781250000,-0.9917839671189269,-0.0570790994472492,-0.1144837934911951,213.0800170898437500,-0.1269782319294461,0.3306322626302476,0.9351785046311077,130.3849639892578100,0.0000000000000000,0.0000000000000000,0.0000000000000000,1.0000000000000000
-0.0155271111902810,0.9420319969694735,-0.3351635802168705,-155.8195800781250000,-0.9917839671189269,-0.0570790994472492,-0.1144837934911951,213.0800170898437500,-0.1269782319294461,0.3306322626302476,0.9351785046311077,130.3849639892578100,0.0000000000000000,0.0000000000000000,0.0000000000000000,1.0000000000000000
-0.0155271111902810,0.9420319969694735,-0.3351635802168705,-155.8195800781250000,-0.9917839671189269,-0.0570790994472492,-0.1144837934911951,213.0800170898437500,-0.1269782319294461,0.3306322626302476,0.9351785046311077,130.3849639892578100,0.0000000000000000,0.0000000000000000,0.0000000000000000,1.0000000000000000
-0.0155271111902810,0.9420319969694735,-0.3351635802168705,-155.8195800781250000,-0.9917839671189269,-0.0570790994472492,-0.1144837934911951,213.0800170898437500,-0.1269782319294461,0.3306322626302476,0.9351785046311077,130.3849639892578100,0.0000000000000000,0.0000000000000000,0.0000000000000000,1.0000000000000000
-0.0155271111902810,0.9420319969694735,-0.3351635802168705,-155.8195800781250000,-0.9917839671189269,-0.0570790994472492,-0.1144837934911951,213.0800170898437500,-0.1269782319294461,0.3306322626302476,0.9351785046311077,130.3849639892578100,0.0000000000000000,0.0000000000000000,0.0000000000000000,1.0000000000000000
-0.0105712039495147,0.9407795079101697,-0.3388541974704705,-149.9905242919921900,-0.9921189351412200,-0.0521795830558714,-0.1139179952701378,215.9877319335937500,-0.1248529862730944,0.3349794152010154,0.9339167646050027,127.4804229736328100,0.0000000000000000,0.0000000000000000,0.0000000000000000,1.0000000000000000
-0.0056121774097218,0.9394821894714441,-0.3425517758393081,-144.1614532470703100,-0.9924245793986520,-0.0472744971991717,-0.1133956618216670,218.8954315185546900,-0.1227271676122699,0.3393204054879507,0.9326305296039598,124.5758819580078100,0.0000000000000000,0.0000000000000000,0.0000000000000000,1.0000000000000000
-0.0155271111902810,0.9420319969694735,-0.3351635802168705,-136.5332183837890600,-0.9917839671189269,-0.0570790994472492,-0.1144837934911951,222.2143402099609400,-0.1269782319294461,0.3306322626302476,0.9351785046311077,123.9035415649414100,0.0000000000000000,0.0000000000000000,0.0000000000000000,1.0000000000000000
-0.0486808887379759,0.9480545740012982,-0.3143607732954252,-125.8752288818359400,-0.9888373595888740,-0.0901194530283005,-0.1186556381601140,226.4796447753906200,-0.1408220414316763,0.3050754151043588,0.9418588767675964,126.1637802124023400,0.0000000000000000,0.0000000000000000,0.0000000000000000,1.0000000000000000
-0.0950729868646746,0.9528761144497130,-0.2880767912898345,-113.3629531860351600,-0.9825187624770491,-0.1363500509806488,-0.1267499308802271,231.4226837158203100,-0.1600562668226312,0.2709903579627731,0.9491818673689519,129.8982238769531200,0.0000000000000000,0.0000000000000000,0.0000000000000000,1.0000000000000000
-0.1421032968329515,0.9550076751541871,-0.2603209431179149,-100.8062667846679700,-0.9733582482814077,-0.1826255913385120,-0.1386420350788618,236.2489013671875000,-0.1799454737740175,0.2336840469198816,0.9555162963986491,134.1009521484375000,0.0000000000000000,0.0000000000000000,0.0000000000000000,1.0000000000000000
-0.1776837576722937,0.9558772675646463,-0.2339383072790744,-90.0150604248046870,-0.9644102297076580,-0.2164398568008264,-0.1518772439283131,240.1637268066406200,-0.1958095786591558,0.1986263772543386,0.9603156622507731,137.7660217285156200,0.0000000000000000,0.0000000000000000,0.0000000000000000,1.0000000000000000
-0.1903508213468463,0.9588877700730001,-0.2104775741427344,-82.7992019653320310,-0.9604936717166784,-0.2262436200514301,-0.1620670570419460,242.3726196289062500,-0.2030233272429409,0.1713127805811738,0.9640712939429076,139.8875122070312500,0.0000000000000000,0.0000000000000000,0.0000000000000000,1.0000000000000000
-0.1710287194422327,0.9668116850562278,-0.1898007975870689,-80.5891189575195310,-0.9651020134517708,-0.2031644186794852,-0.1652341448186935,242.1851348876953100,-0.1983110706876653,0.1549173477095586,0.9678188542394426,139.7672576904296900,0.0000000000000000,0.0000000000000000,0.0000000000000000,1.0000000000000000
-0.1271844515556291,0.9770706681885213,-0.1707542814928231,-82.1782226562500000,-0.9745197568122864,-0.1551598060612393,-0.1619774001691614,240.1309814453125000,-0.1847575678152748,0.1458024140701212,0.9719085847888725,138.0758666992187500,0.0000000000000000,0.0000000000000000,0.0000000000000000,1.0000000000000000
-0.0725717571252583,0.9855560395075711,-0.1530118722776240,-85.4208831787109380,-0.9832316910190304,-0.0964307265185338,-0.1547790578824064,237.2458190917968700,-0.1672984812949899,0.1392135337287979,0.9760280785833625,135.8605957031250000,0.0000000000000000,0.0000000000000000,0.0000000000000000,1.0000000000000000
-0.0217153091983555,0.9905848279310959,-0.1351670966586941,-88.1714782714843750,-0.9883076055110005,-0.0416782690583286,-0.1466662837103817,234.5652618408203100,-0.1509189260349159,0.1304017659428832,0.9799075758475618,134.1686706542968700,0.0000000000000000,0.0000000000000000,0.0000000000000000,1.0000000000000000
0.0103626433571112,0.9933917535170388,-0.1143041541983323,-88.2843704223632810,-0.9900042935114344,-0.0058869319405558,-0.1409143103494222,233.1249694824218700,-0.1406560146299452,0.1146218481646063,0.9834010969445534,134.0473175048828100,0.0000000000000000,0.0000000000000000,0.0000000000000000,1.0000000000000000
0.0237102976430396,0.9957793637526835,-0.0886638624806041,-85.6414489746093750,-0.9902894030917138,0.0112417114844195,-0.1385659483681267,232.8696289062500000,-0.1369843783426992,0.0910883233307215,0.9863762960670043,135.6539306640625000,0.0000000000000000,0.0000000000000000,0.0000000000000000,1.0000000000000000
0.0297092715535174,0.9977678032833194,-0.0598061026563243,-81.8308639526367190,-0.9902281947383931,0.0212231289170598,-0.1378321484419117,233.0005950927734400,-0.1362552073460046,0.0633165817945765,0.9886483343135455,138.2003631591796900,0.0000000000000000,0.0000000000000000,0.0000000000000000,1.0000000000000000
0.0303211240301966,0.9991155985326621,-0.0291316015053353,-77.2663879394531250,-0.9900602033861242,0.0260162635731144,-0.1382170311528963,233.4385375976562500,-0.1373368963846638,0.0330329350560083,0.9899734350440994,141.3155975341796900,0.0000000000000000,0.0000000000000000,0.0000000000000000,1.0000000000000000
0.0275149422971427,0.9996196347631077,0.0018744989879542,-72.3618087768554690,-0.9898965221721113,0.0275081473762442,-0.1390977254288702,234.1041107177734400,-0.1390963814840036,0.0019717058598481,0.9902768850347155,144.6285705566406200,0.0000000000000000,0.0000000000000000,0.0000000000000000,1.0000000000000000
0.0232598116783595,0.9992263619069006,0.0317121243531046,-67.5309066772460940,-0.9898214488791682,0.0274725305907291,-0.1396379583125089,234.9179840087890600,-0.1404011413751034,-0.0281413882607268,0.9896946911888168,147.7682800292968700,0.0000000000000000,0.0000000000000000,0.0000000000000000,1.0000000000000000
0.0195213308570693,0.9980725900408414,0.0589068981591749,-63.1874504089355470,-0.9899421608676350,0.0275522379716902,-0.1387638004649214,235.8008117675781200,-0.1401193626101903,-0.0556055679938432,0.9885719928410859,150.3636779785156200,0.0000000000000000,0.0000000000000000,0.0000000000000000,1.0000000000000000
0.0182641275265507,0.9964641619623063,0.0820097285110286,-59.7452239990234370,-0.9903862861563906,0.0292793840992172,-0.1351951251344611,236.6732482910156200,-0.1371182914094468,-0.0787520894423077,0.9874192030588754,152.0437164306640600,0.0000000000000000,0.0000000000000000,0.0000000000000000,1.0000000000000000
0.0186715253498767,0.9946435745603593,0.1016638270325294,-57.0033683776855470,-0.9911365143371212,0.0317896923619577,-0.1289876947898277,237.6055908203125000,-0.1315286436057583,-0.0983543341461028,0.9864211275443701,152.9271392822265600,0.0000000000000000,0.0000000000000000,0.0000000000000000,1.0000000000000000
0.0186963290490496,0.9926369349944973,0.1196760734851360,-54.4687461853027340,-0.9920463128544966,0.0333196402434938,-0.1213833379251133,238.6921539306640600,-0.1244771482316644,-0.1164547846109131,0.9853647663222682,153.4320373535156200,0.0000000000000000,0.0000000000000000,0.0000000000000000,1.0000000000000000
0.0184590965712955,0.9904907663514722,0.1363352614925605,-52.1167259216308590,-0.9930398616122204,0.0340268614841778,-0.1127564009124051,239.8895721435546900,-0.1163232350089784,-0.1333049679119644,0.9842249186680024,153.6365203857421900,0.0000000000000000,0.0000000000000000,0.0000000000000000,1.0000000000000000
0.0180811439807755,0.9882262633705397,0.1519273662545608,-49.9226760864257810,-0.9940484833154846,0.0340942538236764,-0.1034659106874884,241.1545104980468700,-0.1074275804927723,-0.1491523859712198,0.9829612813883165,153.6186065673828100,0.0000000000000000,0.0000000000000000,0.0000000000000000,1.0000000000000000
0.0176845325334009,0.9858434816632279,0.1667329810541395,-47.8619537353515630,-0.9950142483272352,0.0337230554220830,-0.0938584101654513,242.4436492919921900,-0.0981524474216616,-0.1642418497068396,0.9815246873461788,153.4563751220703100,0.0000000000000000,0.0000000000000000,0.0000000000000000,1.0000000000000000
0.0173921166709788,0.9833245245555055,0.1810259475472843,-45.9099273681640630,-0.9958921232699893,0.0331281269866339,-0.0842698404599767,243.7136230468750000,-0.0888616513828971,-0.1788166843727020,0.9798613168726776,153.2278900146484400,0.0000000000000000,0.0000000000000000,0.0000000000000000,1.0000000000000000
0.0173273049767595,0.9806356816333662,0.1950728694865213,-44.0419616699218750,-0.9966506436330126,0.0325349181416352,-0.0750264863059625,244.9211120605468700,-0.0799203293796018,-0.1931194941195220,0.9779149257184265,153.0111999511718700,0.0000000000000000,0.0000000000000000,0.0000000000000000,1.0000000000000000
0.0176142566572400,0.9777284458581980,0.2091335078893997,-42.2334213256835940,-0.9972710882465354,0.0321786879072946,-0.0664447785167187,246.0227661132812500,-0.0716945919158742,-0.2073924256193502,0.9756271148782912,152.8843688964843700,0.0000000000000000,0.0000000000000000,0.0000000000000000,1.0000000000000000
0.0183769766075079,0.9745394208526759,0.2234618623723030,-40.4596748352050780,-0.9977451771717238,0.0323043312627980,-0.0588301930323974,246.9752502441406200,-0.0645511282731203,-0.2218768743826052,0.9729356630594198,152.9254760742187500,0.0000000000000000,0.0000000000000000,0.0000000000000000,1.0000000000000000
0.0197397343014312,0.9709889838915922,0.2383080696302217,-38.6960792541503910,-0.9980712508975040,0.0331690672331829,-0.0524746711354356,247.7352142333984400,-0.0588567839896169,-0.2368125970890364,0.9697709383345869,153.2125701904296900,0.0000000000000000,0.0000000000000000,0.0000000000000000,1.0000000000000000
0.0218266868483254,0.9669787858361473,0.2539205062299530,-36.9180030822753910,-0.9982489597855921,0.0350457915741093,-0.0476529829069191,248.2593231201171900,-0.0549782686905306,-0.2524357744769837,0.9660505006137087,153.8236999511718700,0.0000000000000000,0.0000000000000000,0.0000000000000000,1.0000000000000000
0.0254927313326315,0.9622408966950478,0.2710029102735112,-35.2054901123046880,-0.9981880482235845,0.0392821092391483,-0.0455799986541716,248.3427886962890600,-0.0545045047018403,-0.2693499074089949,0.9614987708499543,154.9739532470703100,0.0000000000000000,0.0000000000000000,0.0000000000000000,1.0000000000000000
0.0310488111297075,0.9566705507487721,0.2895123981066670,-33.6431541442871090,-0.9978399187930180,0.0464445072046411,-0.0464586290549000,247.9161987304687500,-0.0578918629046821,-0.2874445426174578,0.9560461114030359,156.6876831054687500,0.0000000000000000,0.0000000000000000,0.0000000000000000,1.0000000000000000
0.0378016103206091,0.9504428275371604,0.3085927248661848,-32.2132110595703130,-0.9972460815884781,0.0555990486522062,-0.0490815499489980,247.1393432617187500,-0.0638066690369839,-0.3058875240544106,0.9499271191066540,158.7569122314453100,0.0000000000000000,0.0000000000000000,0.0000000000000000,1.0000000000000000
0.0450583479413484,0.9438161000845455,0.3273849637689482,-30.8978786468505860,-0.9964641368366045,0.0657264454272526,-0.0523379247771530,246.1719665527343700,-0.0709152260045537,-0.3238691149101710,0.9434404205502464,160.9736480712890600,0.0000000000000000,0.0000000000000000,0.0000000000000000,1.0000000000000000
0.0521308410997078,0.9371491132600582,0.3450129199350711,-29.6793766021728520,-0.9955984293386699,0.0757165904111831,-0.0552337345729798,245.1738739013671900,-0.0778854473223995,-0.3406149401485377,0.9369713547611782,163.1298828125000000,0.0000000000000000,0.0000000000000000,0.0000000000000000,1.0000000000000000
0.0583371200660040,0.9309010719915830,0.3605828262512323,-28.5399227142333980,-0.9948081502098839,0.0843795080891670,-0.0568932587449441,244.3048095703125000,-0.0833877970592435,-0.3553917455140904,0.9309904309508528,165.0176544189453100,0.0000000000000000,0.0000000000000000,0.0000000000000000,1.0000000000000000
0.0630019468300281,0.9256119021566630,0.3731934636104316,-27.4617328643798830,-0.9942929191539217,0.0904717297670160,-0.0565372181252018,243.7245635986328100,-0.0860949802020938,-0.3675016635321373,0.9260292553073649,166.4289703369140600,0.0000000000000000,0.0000000000000000,0.0000000000000000,1.0000000000000000
0.0666067032803100,0.9217549004852349,0.3820097518514198,-26.6172065734863280,-0.9940655535017763,0.0943046411087340,-0.0542246254626077,243.3647918701171900,-0.0860071067955198,-0.3761310118785839,0.9225661165921154,167.2656402587890600,0.0000000000000000,0.0000000000000000,0.0000000000000000,1.0000000000000000
0.0697933662695604,0.9192308031686991,0.3874836984062577,-26.0696964263916020,-0.9940001835253355,0.0968759366007223,-0.0507807843512887,243.0736389160156200,-0.0842171073853896,-0.3816147054472110,0.9204768847777093,167.6734008789062500,0.0000000000000000,0.0000000000000000,0.0000000000000000,1.0000000000000000
0.0721297315967660,0.9177133235570324,0.3906399334242264,-25.6378440856933590,-0.9940977385849378,0.0979696961526139,-0.0466006950171044,242.8856353759765600,-0.0810369542868633,-0.3849729787941877,0.9193632675054180,167.8101196289062500,0.0000000000000000,0.0000000000000000,0.0000000000000000,1.0000000000000000
0.0731824361459745,0.9168353385612723,0.3925013286665120,-25.1403007507324220,-0.9943587886522399,0.0973748910675399,-0.0420562720605951,242.8352966308593700,-0.0767784505560670,-0.3872093652726154,0.9187894083931245,167.8336181640625000,0.0000000000000000,0.0000000000000000,0.0000000000000000,1.0000000000000000
0.0725166076389946,0.9162034792122399,0.3940971026230953,-24.3957080841064450,-0.9947827748676597,0.0948700929031110,-0.0375086163321723,242.9571380615234400,-0.0717535535226733,-0.3893210117010658,0.9183030966978861,167.9017639160156200,0.0000000000000000,0.0000000000000000,0.0000000000000000,1.0000000000000000
0.0696960199117038,0.9154008767720383,0.3964639953557586,-23.2227134704589840,-0.9953643240707931,0.0902177849905333,-0.0333258704086655,243.2856597900390600,-0.0662746344807774,-0.3923034362281135,0.9174451955011012,168.1724090576171900,0.0000000000000000,0.0000000000000000,0.0000000000000000,1.0000000000000000
0.0624133422752382,0.9148405604080250,0.3989628099690054,-21.3897209167480470,-0.9962765092963356,0.0809306200943246,-0.0297212340836740,244.0955352783203100,-0.0594784980504923,-0.3956222740992711,0.9164853105785051,168.5682525634765600,0.0000000000000000,0.0000000000000000,0.0000000000000000,1.0000000000000000
0.0506362056979692,0.9147741756699357,0.4007794682863666,-18.9935073852539060,-0.9974175102955818,0.0667856612470850,-0.0264194172447595,245.3958587646484400,-0.0509341224355151,-0.3984066803897488,0.9157935532599827,168.9675903320312500,0.0000000000000000,0.0000000000000000,0.0000000000000000,1.0000000000000000
0.0373522297744453,0.9145950492164148,0.4026421573552635,-16.3452816009521480,-0.9984357381844889,0.0509312839314289,-0.0230668817374745,246.8228759765625000,-0.0416039378769787,-0.4011507201363596,0.9150667801243845,169.4616241455078100,0.0000000000000000,0.0000000000000000,0.0000000000000000,1.0000000000000000
0.0255668602566150,0.9138712451810401,0.4051983253764434,-13.7562513351440430,-0.9991462273791230,0.0365183597599362,-0.0193190505592129,248.0127563476562500,-0.0324523030104839,-0.4043584506742740,0.9140246667336810,170.1415710449218700,0.0000000000000000,0.0000000000000000,0.0000000000000000,1.0000000000000000
0.0182968824256956,0.9123479227294391,0.4090067138627159,-11.5376234054565430,-0.9995337256314665,0.0266924223952729,-0.0148272017573363,248.6017303466796900,-0.0244449466921222,-0.4085447129482275,0.9124109063921089,171.0986480712890600,0.0000000000000000,0.0000000000000000,0.0000000000000000,1.0000000000000000
0.0168051417250186,0.9096936213581419,0.4149398781412939,-9.8704338073730469,-0.9997115147711770,0.0224099241090715,-0.0086419057704032,248.4534149169921900,-0.0171602577346877,-0.4146749456643545,0.9098077901363253,172.2465515136718700,0.0000000000000000,0.0000000000000000,0.0000000000000000,1.0000000000000000
0.0190896964816092,0.9061578075012885,0.4225087116175215,-8.5472116470336914,-0.9997682076426648,0.0215084443543452,-0.0009580231884129,247.8103332519531200,-0.0099556253049992,-0.4223924889553720,0.9063583567214861,173.5244598388671900,0.0000000000000000,0.0000000000000000,0.0000000000000000,1.0000000000000000
0.0232693934712468,0.9024284675441953,0.4302108742155594,-7.2964019775390625,-0.9997232230355577,0.0224964116147921,0.0068839514709554,246.8770599365234400,-0.0034659271309298,-0.4302519871311386,0.9027021739858776,175.0618438720703100,0.0000000000000000,0.0000000000000000,0.0000000000000000,1.0000000000000000
0.0274624876249175,0.8992216612223147,0.4366305254583469,-5.8464488983154297,-0.9996214331221215,0.0239726832840581,0.0135018850179631,245.8581695556640600,0.0016739821765206,-0.4368360269537567,0.8995395952035294,176.9881896972656200,0.0000000000000000,0.0000000000000000,0.0000000000000000,1.0000000000000000
0.0297881616233639,0.8972922849092898,0.4404307219862917,-3.9257974624633789,-0.9995445671619904,0.0246113103890013,0.0174625787868117,244.9582519531250000,0.0048294600163702,-0.4407503134918930,0.8976167542290798,179.4329223632812500,0.0000000000000000,0.0000000000000000,0.0000000000000000,1.0000000000000000
0.0304079865090652,0.8964534435806901,0.4420934039869710,-1.6601768732070923,-0.9995170140186259,0.0244347826544735,0.0192010438236741,244.1602020263671900,0.0064103856166785,-0.4424637441519376,0.8967634816757951,182.2690887451171900,0.0000000000000000,0.0000000000000000,0.0000000000000000,1.0000000000000000
0.0307676761255986,0.8959655386210900,0.4430565468529388,0.6512491703033447,-0.9994997022709060,0.0243294295237324,0.0202095031957641,243.3210754394531200,0.0073277053843706,-0.4434566861176748,0.8962658491046782,185.2678070068359400,0.0000000000000000,0.0000000000000000,0.0000000000000000,1.0000000000000000
0.0309130586070131,0.8957680512988098,0.4434455784872505,3.0198850631713867,-0.9994924288657747,0.0242862019722348,0.0206171053680679,242.4565887451171900,0.0076985354161405,-0.4438578360985607,0.8960641460779188,188.4057159423828100,0.0000000000000000,0.0000000000000000,0.0000000000000000,1.0000000000000000
0.0308900478199539,0.8957992488293322,0.4433841570720417,5.4571347236633301,-0.9994935895732590,0.0242930012322139,0.0205527247121450,241.5825042724609400,0.0076399834844403,-0.4437944973610371,0.8960960187192117,191.6594390869140600,0.0000000000000000,0.0000000000000000,0.0000000000000000,1.0000000000000000
0.0307446644381083,0.8959966993166043,0.4429951246033512,7.9744024276733398,-0.9995008379281291,0.0243361713002479,0.0201451172102025,240.7145538330078100,0.0072691532901657,-0.4433933531078195,0.8962976591681185,195.0056152343750000,0.0000000000000000,0.0000000000000000,0.0000000000000000,1.0000000000000000
0.0305227876132815,0.8962978236163431,0.4424009163834554,10.5830936431884770,-0.9995115943543068,0.0244014012453919,0.0195229190587139,239.8684844970703100,0.0067031475909616,-0.4427807391902542,0.8966048654867460,198.4208526611328100,0.0000000000000000,0.0000000000000000,0.0000000000000000,1.0000000000000000
0.0302703005040287,0.8966400759503105,0.4417242161204401,13.2946109771728520,-0.9995233847079711,0.0244746163831667,0.0188147966988316,239.0600585937500000,0.0060590700043272,-0.4420832131541734,0.8969535775713057,201.8818054199218700,0.0000000000000000,0.0000000000000000,0.0000000000000000,1.0000000000000000
0.0300330966080093,0.8969611959991972,0.4410880025344416,16.1203594207763670,-0.9995340247936881,0.0245424015348610,0.0181494850238976,238.3049926757812500,0.0054540249233947,-0.4414275516985673,0.8972803186371268,205.3650817871093700,0.0000000000000000,0.0000000000000000,0.0000000000000000,1.0000000000000000
0.0298570802205802,0.8971992040421045,0.4406156409240550,19.0717430114746090,-0.9995416467265166,0.0245920589497793,0.0176557949652240,237.6190490722656200,0.0050051193737304,-0.4409408337893243,0.8975222169268181,208.8473205566406200,0.0000000000000000,0.0000000000000000,0.0000000000000000,1.0000000000000000
0.0297881616233639,0.8972922849092898,0.4404307219862917,22.1601676940917970,-0.9995445671619904,0.0246113103890013,0.0174625787868117,237.0179595947265600,0.0048294600163702,-0.4407503134918930,0.8976167542290798,212.3051452636718700,0.0000000000000000,0.0000000000000000,0.0000000000000000,1.0000000000000000
0.0297881616233639,0.8972922849092898,0.4404307219862917,25.6226425170898440,-0.9995445671619904,0.0246113103890013,0.0174625787868117,236.6397705078125000,0.0048294600163702,-0.4407503134918930,0.8976167542290798,215.8550262451171900,0.0000000000000000,0.0000000000000000,0.0000000000000000,1.0000000000000000
0.0297881616233639,0.8972922849092898,0.4404307219862917,29.6077060699462890,-0.9995445671619904,0.0246113103890013,0.0174625787868117,236.5330352783203100,0.0048294600163702,-0.4407503134918930,0.8976167542290798,219.5772094726562500,0.0000000000000000,0.0000000000000000,0.0000000000000000,1.0000000000000000
0.0297881616233639,0.8972922849092898,0.4404307219862917,33.9940528869628910,-0.9995445671619904,0.0246113103890013,0.0174625787868117,236.5792999267578100,0.0048294600163702,-0.4407503134918930,0.8976167542290798,223.3939666748046900,0.0000000000000000,0.0000000000000000,0.0000000000000000,1.0000000000000000
0.0297881616233639,0.8972922849092898,0.4404307219862917,38.6603813171386720,-0.9995445671619904,0.0246113103890013,0.0174625787868117,236.6601409912109400,0.0048294600163702,-0.4407503134918930,0.8976167542290798,227.2276306152343700,0.0000000000000000,0.0000000000000000,0.0000000000000000,1.0000000000000000
0.0297881616233639,0.8972922849092898,0.4404307219862917,43.4853782653808590,-0.9995445671619904,0.0246113103890013,0.0174625787868117,236.6571044921875000,0.0048294600163702,-0.4407503134918930,0.8976167542290798,231.0004730224609400,0.0000000000000000,0.0000000000000000,0.0000000000000000,1.0000000000000000
0.0275580663750217,0.8975103634287466,0.4401314582209153,48.7370414733886720,-0.9996045826364040,0.0222811160280424,0.0171531408449203,236.7988891601562500,0.0055885015854572,-0.4404301299940142,0.8977694967214497,234.6041870117187500,0.0000000000000000,0.0000000000000000,0.0000000000000000,1.0000000000000000
0.0226516454158342,0.8979688085865671,0.4394757351271811,54.5205612182617190,-0.9997170694055995,0.0171536351286217,0.0164782869544770,237.2107849121093700,0.0072583812958048,-0.4397246543093701,0.8981033037983268,238.0700378417968700,0.0000000000000000,0.0000000000000000,0.0000000000000000,1.0000000000000000
0.0177446015024134,0.8983979467778051,0.4388237212628148,60.4704284667968750,-0.9998026883465901,0.0120244301480121,0.0158113078063281,237.6192779541015600,0.0089282412854616,-0.4390177015850724,0.8984340511147765,241.5296020507812500,0.0000000000000000,0.0000000000000000,0.0000000000000000,1.0000000000000000
0.0155139597258083,0.8985833239091553,0.4385285931909115,66.2211456298828120,-0.9998327230302335,0.0096924457460317,0.0155107205960383,237.7508087158203100,0.0096872602718278,-0.4386958701513318,0.8985833798265978,245.1145629882812500,0.0000000000000000,0.0000000000000000,0.0000000000000000,1.0000000000000000
0.0186367600470788,0.8983221075397956,0.4389419805398062,71.4071884155273440,-0.9997891212156143,0.0129570704658763,0.0159319623352667,237.3318328857421900,0.0086246318099758,-0.4391463371476554,0.8983741482789563,248.9564971923828100,0.0000000000000000,0.0000000000000000,0.0000000000000000,1.0000000000000000
0.0297881616233639,0.8972922849092898,0.4404307219862917,75.6630706787109380,-0.9995445671619904,0.0246113103890013,0.0174625787868117,236.0888061523437500,0.0048294600163702,-0.4407503134918930,0.8976167542290798,253.1870422363281200,0.0000000000000000,0.0000000000000000,0.0000000000000000,1.0000000000000000
0.0563656389692428,0.8942248285140575,0.4440550312884581,78.2203521728515630,-0.9984012658947252,0.0523642283386884,0.0212814438021393,233.2587585449218700,-0.0042222036188327,-0.4445446475434139,0.8957467439723702,258.1617126464843700,0.0000000000000000,0.0000000000000000,0.0000000000000000,1.0000000000000000
0.0978839571660188,0.8876900240021353,0.4499168281100512,79.1895141601562500,-0.9950277888895552,0.0956519240098889,0.0277562384117367,228.8804321289062500,-0.0183964743112293,-0.4503966371103305,0.8926390306347922,263.8591918945312500,0.0000000000000000,0.0000000000000000,0.0000000000000000,1.0000000000000000
0.1451399884090438,0.8776217400815883,0.4568527827438374,79.5234375000000000,-0.9888054220491138,0.1448168319025544,0.0359433237748117,223.8827667236328100,-0.0346153302872624,-0.4569553222513911,0.8888158484046238,269.8457641601562500,0.0000000000000000,0.0000000000000000,0.0000000000000000,1.0000000000000000
0.1890321615538063,0.8656939977835025,0.4635091629082564,80.1749801635742190,-0.9807072127427930,0.1903730106093688,0.0444013480176802,219.1947784423828100,-0.0498016543154710,-0.4629600620281862,0.8849789693514193,275.6878051757812500,0.0000000000000000,0.0000000000000000,0.0000000000000000,1.0000000000000000
0.1890321615538063,0.8656939977835025,0.4635091629082564,80.1749801635742190,-0.9807072127427930,0.1903730106093688,0.0444013480176802,219.1947784423828100,-0.0498016543154710,-0.4629600620281862,0.8849789693514193,275.6878051757812500,0.0000000000000000,0.0000000000000000,0.0000000000000000,1.0000000000000000
0.1890321615538063,0.8656939977835025,0.4635091629082564,80.1749801635742190,-0.9807072127427930,0.1903730106093688,0.0444013480176802,219.1947784423828100,-0.0498016543154710,-0.4629600620281862,0.8849789693514193,275.6878051757812500,0.0000000000000000,0.0000000000000000,0.0000000000000000,1.0000000000000000
0.1890321615538063,0.8656939977835025,0.4635091629082564,80.1749801635742190,-0.9807072127427930,0.1903730106093688,0.0444013480176802,219.1947784423828100,-0.0498016543154710,-0.4629600620281862,0.8849789693514193,275.6878051757812500,0.0000000000000000,0.0000000000000000,0.0000000000000000,1.0000000000000000
