-0.0748730399773088,0.9157105143280199,-0.3948015727345443,-164.9794006347656200,-0.9849688670670388,-0.1297138599114324,-0.1140642163675839,215.4317169189453100,-0.1556610381348847,0.3803269231805588,0.9116584188778050,131.4800720214843700,0.0000000000000000,0.0000000000000000,0.0000000000000000,1.0000000000000000
-0.0748730399773088,0.9157105143280199,-0.3948015727345443,-164.9794006347656200,-0.9849688670670388,-0.1297138599114324,-0.1140642163675839,215.4317169189453100,-0.1556610381348847,0.3803269231805588,0.9116584188778050,131.4800720214843700,0.0000000000000000,0.0000000000000000,0.0000000000000000,1.0000000000000000
-0.0748730399773088,0.9157105143280199,-0.3948015727345443,-164.9794006347656200,-0.9849688670670388,-0.1297138599114324,-0.1140642163675839,215.4317169189453100,-0.1556610381348847,0.3803269231805588,0.9116584188778050,131.4800720214843700,0.0000000000000000,0.0000000000000000,0.0000000000000000,1.0000000000000000
-0.0748730399773088,0.9157105143280199,-0.3948015727345443,-164.9794006347656200,-0.9849688670670388,-0.1297138599114324,-0.1140642163675839,215.4317169189453100,-0.1556610381348847,0.3803269231805588,0.9116584188778050,131.4800720214843700,0.0000000000000000,0.0000000000000000,0.0000000000000000,1.0000000000000000
-0.0748730399773088,0.9157105143280199,-0.3948015727345443,-164.9794006347656200,-0.9849688670670388,-0.1297138599114324,-0.1140642163675839,215.4317169189453100,-0.1556610381348847,0.3803269231805588,0.9116584188778050,131.4800720214843700,0.0000000000000000,0.0000000000000000,0.0000000000000000,1.0000000000000000
-0.0748730399773088,0.9157105143280199,-0.3948015727345443,-164.9794006347656200,-0.9849688670670388,-0.1297138599114324,-0.1140642163675839,215.4317169189453100,-0.1556610381348847,0.3803269231805588,0.9116584188778050,131.4800720214843700,0.0000000000000000,0.0000000000000000,0.0000000000000000,1.0000000000000000
-0.0748730399773088,0.9157105143280199,-0.3948015727345443,-164.9794006347656200,-0.9849688670670388,-0.1297138599114324,-0.1140642163675839,215.4317169189453100,-0.1556610381348847,0.3803269231805588,0.9116584188778050,131.4800720214843700,0.0000000000000000,0.0000000000000000,0.0000000000000000,1.0000000000000000
-0.0748730399773088,0.9157105143280199,-0.3948015727345443,-164.9794006347656200,-0.9849688670670388,-0.1297138599114324,-0.1140642163675839,215.4317169189453100,-0.1556610381348847,0.3803269231805588,0.9116584188778050,131.4800720214843700,0.0000000000000000,0.0000000000000000,0.0000000000000000,1.0000000000000000
-0.0748730399773088,0.9157105143280199,-0.3948015727345443,-164.9794006347656200,-0.9849688670670388,-0.1297138599114324,-0.1140642163675839,215.4317169189453100,-0.1556610381348847,0.3803269231805588,0.9116584188778050,131.4800720214843700,0.0000000000000000,0.0000000000000000,0.0000000000000000,1.0000000000000000
-0.0748730399773088,0.9157105143280199,-0.3948015727345443,-164.9794006347656200,-0.9849688670670388,-0.1297138599114324,-0.1140642163675839,215.4317169189453100,-0.1556610381348847,0.3803269231805588,0.9116584188778050,131.4800720214843700,0.0000000000000000,0.0000000000000000,0.0000000000000000,1.0000000000000000
-0.0748730399773088,0.9157105143280199,-0.3948015727345443,-164.9794006347656200,-0.9849688670670388,-0.1297138599114324,-0.1140642163675839,215.4317169189453100,-0.1556610381348847,0.3803269231805588,0.9116584188778050,131.4800720214843700,0.0000000000000000,0.0000000000000000,0.0000000000000000,1.0000000000000000
-0.0748730399773088,0.9157105143280199,-0.3948015727345443,-164.9794006347656200,-0.9849688670670388,-0.1297138599114324,-0.1140642163675839,215.4317169189453100,-0.1556610381348847,0.3803269231805588,0.9116584188778050,131.4800720214843700,0.0000000000000000,0.0000000000000000,0.0000000000000000,1.0000000000000000
-0.0748730399773088,0.9157105143280199,-0.3948015727345443,-164.9794006347656200,-0.9849688670670388,-0.1297138599114324,-0.1140642163675839,215.4317169189453100,-0.1556610381348847,0.3803269231805588,0.9116584188778050,131.4800720214843700,0.0000000000000000,0.0000000000000000,0.0000000000000000,1.0000000000000000
-0.0748730399773088,0.9157105143280199,-0.3948015727345443,-164.9794006347656200,-0.9849688670670388,-0.1297138599114324,-0.1140642163675839,215.4317169189453100,-0.1556610381348847,0.3803269231805588,0.9116584188778050,131.4800720214843700,0.0000000000000000,0.0000000000000000,0.0000000000000000,1.0000000000000000
-0.0748730399773088,0.9157105143280199,-0.3948015727345443,-164.9794006347656200,-0.9849688670670388,-0.1297138599114324,-0.1140642163675839,215.4317169189453100,-0.1556610381348847,0.3803269231805588,0.9116584188778050,131.4800720214843700,0.0000000000000000,0.0000000000000000,0.0000000000000000,1.0000000000000000
-0.0748730399773088,0.9157105143280199,-0.3948015727345443,-164.9794006347656200,-0.9849688670670388,-0.1297138599114324,-0.1140642163675839,215.4317169189453100,-0.1556610381348847,0.3803269231805588,0.9116584188778050,131.4800720214843700,0.0000000000000000,0.0000000000000000,0.0000000000000000,1.0000000000000000
-0.0748730399773088,0.9157105143280199,-0.3948015727345443,-164.9794006347656200,-0.9849688670670388,-0.1297138599114324,-0.1140642163675839,215.4317169189453100,-0.1556610381348847,0.3803269231805588,0.9116584188778050,131.4800720214843700,0.0000000000000000,0.0000000000000000,0.0000000000000000,1.0000000000000000
-0.0748730399773088,0.9157105143280199,-0.3948015727345443,-164.9794006347656200,-0.9849688670670388,-0.1297138599114324,-0.1140642163675839,215.4317169189453100,-0.1556610381348847,0.3803269231805588,0.9116584188778050,131.4800720214843700,0.0000000000000000,0.0000000000000000,0.0000000000000000,1.0000000000000000
-0.0748730399773088,0.9157105143280199,-0.3948015727345443,-164.9794006347656200,-0.9849688670670388,-0.1297138599114324,-0.1140642163675839,215.4317169189453100,-0.1556610381348847,0.3803269231805588,0.9116584188778050,131.4800720214843700,0.0000000000000000,0.0000000000000000,0.0000000000000000,1.0000000000000000
-0.0748730399773088,0.9157105143280199,-0.3948015727345443,-164.9794006347656200,-0.9849688670670388,-0.1297138599114324,-0.1140642163675839,215.4317169189453100,-0.1556610381348847,0.3803269231805588,0.9116584188778050,131.4800720214843700,0.0000000000000000,0.0000000000000000,0.0000000000000000,1.0000000000000000
-0.0748730399773088,0.9157105143280199,-0.3948015727345443,-164.9794006347656200,-0.9849688670670388,-0.1297138599114324,-0.1140642163675839,215.4317169189453100,-0.1556610381348847,0.3803269231805588,0.9116584188778050,131.4800720214843700,0.0000000000000000,0.0000000000000000,0.0000000000000000,1.0000000000000000
-0.0748730399773088,0.9157105143280199,-0.3948015727345443,-164.9794006347656200,-0.9849688670670388,-0.1297138599114324,-0.1140642163675839,215.4317169189453100,-0.1556610381348847,0.3803269231805588,0.9116584188778050,131.4800720214843700,0.0000000000000000,0.0000000000000000,0.0000000000000000,1.0000000000000000
-0.0748730399773088,0.9157105143280199,-0.3948015727345443,-164.9794006347656200,-0.9849688670670388,-0.1297138599114324,-0.1140642163675839,215.4317169189453100,-0.1556610381348847,0.3803269231805588,0.9116584188778050,131.4800720214843700,0.0000000000000000,0.0000000000000000,0.0000000000000000,1.0000000000000000
-0.0748730399773088,0.9157105143280199,-0.3948015727345443,-164.9794006347656200,-0.9849688670670388,-0.1297138599114324,-0.1140642163675839,215.4317169189453100,-0.1556610381348847,0.3803269231805588,0.9116584188778050,131.4800720214843700,0.0000000000000000,0.0000000000000000,0.0000000000000000,1.0000000000000000
-0.0748730399773088,0.9157105143280199,-0.3948015727345443,-164.9794006347656200,-0.9849688670670388,-0.1297138599114324,-0.1140642163675839,215.4317169189453100,-0.1556610381348847,0.3803269231805588,0.9116584188778050,131.4800720214843700,0.0000000000000000,0.0000000000000000,0.0000000000000000,1.0000000000000000
-0.0748730399773088,0.9157105143280199,-0.3948015727345443,-164.9794006347656200,-0.9849688670670388,-0.1297138599114324,-0.1140642163675839,215.4317169189453100,-0.1556610381348847,0.3803269231805588,0.9116584188778050,131.4800720214843700,0.0000000000000000,0.0000000000000000,0.0000000000000000,1.0000000000000000
-0.0748730399773088,0.9157105143280199,-0.3948015727345443,-164.9794006347656200,-0.9849688670670388,-0.1297138599114324,-0.1140642163675839,215.4317169189453100,-0.1556610381348847,0.3803269231805588,0.9116584188778050,131.4800720214843700,0.0000000000000000,0.0000000000000000,0.0000000000000000,1.0000000000000000
-0.0748730399773088,0.9157105143280199,-0.3948015727345443,-164.9794006347656200,-0.9849688670670388,-0.1297138599114324,-0.1140642163675839,215.4317169189453100,-0.1556610381348847,0.3803269231805588,0.9116584188778050,131.4800720214843700,0.0000000000000000,0.0000000000000000,0.0000000000000000,1.0000000000000000
-0.0748730399773088,0.9157105143280199,-0.3948015727345443,-164.9794006347656200,-0.9849688670670388,-0.1297138599114324,-0.1140642163675839,215.4317169189453100,-0.1556610381348847,0.3803269231805588,0.9116584188778050,131.4800720214843700,0.0000000000000000,0.0000000000000000,0.0000000000000000,1.0000000000000000
-0.0748730399773088,0.9157105143280199,-0.3948015727345443,-164.9794006347656200,-0.9849688670670388,-0.1297138599114324,-0.1140642163675839,215.4317169189453100,-0.1556610381348847,0.3803269231805588,0.9116584188778050,131.4800720214843700,0.0000000000000000,0.0000000000000000,0.0000000000000000,1.0000000000000000
-0.0748730399773088,0.9157105143280199,-0.3948015727345443,-164.9794006347656200,-0.9849688670670388,-0.1297138599114324,-0.1140642163675839,215.4317169189453100,-0.1556610381348847,0.3803269231805588,0.9116584188778050,131.4800720214843700,0.0000000000000000,0.0000000000000000,0.0000000000000000,1.0000000000000000
-0.0748730399773088,0.9157105143280199,-0.3948015727345443,-164.9794006347656200,-0.9849688670670388,-0.1297138599114324,-0.1140642163675839,215.4317169189453100,-0.1556610381348847,0.3803269231805588,0.9116584188778050,131.4800720214843700,0.0000000000000000,0.0000000000000000,0.0000000000000000,1.0000000000000000
-0.0748730399773088,0.9157105143280199,-0.3948015727345443,-164.9794006347656200,-0.9849688670670388,-0.1297138599114324,-0.1140642163675839,215.4317169189453100,-0.1556610381348847,0.3803269231805588,0.9116584188778050,131.4800720214843700,0.0000000000000000,0.0000000000000000,0.0000000000000000,1.0000000000000000
-0.0748730399773088,0.9157105143280199,-0.3948015727345443,-164.9794006347656200,-0.9849688670670388,-0.1297138599114324,-0.1140642163675839,215.4317169189453100,-0.1556610381348847,0.3803269231805588,0.9116584188778050,131.4800720214843700,0.0000000000000000,0.0000000000000000,0.0000000000000000,1.0000000000000000
-0.0748730399773088,0.9157105143280199,-0.3948015727345443,-164.9794006347656200,-0.9849688670670388,-0.1297138599114324,-0.1140642163675839,215.4317169189453100,-0.1556610381348847,0.3803269231805588,0.9116584188778050,131.4800720214843700,0.0000000000000000,0.0000000000000000,0.0000000000000000,1.0000000000000000
-0.0748730399773088,0.9157105143280199,-0.3948015727345443,-164.9794006347656200,-0.9849688670670388,-0.1297138599114324,-0.1140642163675839,215.4317169189453100,-0.1556610381348847,0.3803269231805588,0.9116584188778050,131.4800720214843700,0.0000000000000000,0.0000000000000000,0.0000000000000000,1.0000000000000000
-0.0748730399773088,0.9157105143280199,-0.3948015727345443,-164.9794006347656200,-0.9849688670670388,-0.1297138599114324,-0.1140642163675839,215.4317169189453100,-0.1556610381348847,0.3803269231805588,0.9116584188778050,131.4800720214843700,0.0000000000000000,0.0000000000000000,0.0000000000000000,1.0000000000000000
-0.0748730399773088,0.9157105143280199,-0.3948015727345443,-164.9794006347656200,-0.9849688670670388,-0.1297138599114324,-0.1140642163675839,215.4317169189453100,-0.1556610381348847,0.3803269231805588,0.9116584188778050,131.4800720214843700,0.0000000000000000,0.0000000000000000,0.0000000000000000,1.0000000000000000
-0.0748730399773088,0.9157105143280199,-0.3948015727345443,-164.9794006347656200,-0.9849688670670388,-0.1297138599114324,-0.1140642163675839,215.4317169189453100,-0.1556610381348847,0.3803269231805588,0.9116584188778050,131.4800720214843700,0.0000000000000000,0.0000000000000000,0.0000000000000000,1.0000000000000000
-0.0748730399773088,0.9157105143280199,-0.3948015727345443,-164.9794006347656200,-0.9849688670670388,-0.1297138599114324,-0.1140642163675839,215.4317169189453100,-0.1556610381348847,0.3803269231805588,0.9116584188778050,131.4800720214843700,0.0000000000000000,0.0000000000000000,0.0000000000000000,1.0000000000000000
-0.0748730399773088,0.9157105143280199,-0.3948015727345443,-164.9794006347656200,-0.9849688670670388,-0.1297138599114324,-0.1140642163675839,215.4317169189453100,-0.1556610381348847,0.3803269231805588,0.9116584188778050,131.4800720214843700,0.0000000000000000,0.0000000000000000,0.0000000000000000,1.0000000000000000
-0.0748730399773088,0.9157105143280199,-0.3948015727345443,-164.9794006347656200,-0.9849688670670388,-0.1297138599114324,-0.1140642163675839,215.4317169189453100,-0.1556610381348847,0.3803269231805588,0.9116584188778050,131.4800720214843700,0.0000000000000000,0.0000000000000000,0.0000000000000000,1.0000000000000000
-0.0748730399773088,0.9157105143280199,-0.3948015727345443,-164.9794006347656200,-0.9849688670670388,-0.1297138599114324,-0.1140642163675839,215.4317169189453100,-0.1556610381348847,0.3803269231805588,0.9116584188778050,131.4800720214843700,0.0000000000000000,0.0000000000000000,0.0000000000000000,1.0000000000000000
-0.0595413837242786,0.9224370684848815,-0.3815293937683127,-159.3136291503906300,-0.9851412488118796,-0.1159806734956972,-0.1266696619749767,215.5968780517578100,-0.1610948277058223,0.3683182564854782,0.9156364553827729,131.5537109375000000,0.0000000000000000,0.0000000000000000,0.0000000000000000,1.0000000000000000
-0.0439271964804642,0.9287476287091747,-0.3681008606027045,-153.5227355957031200,-0.9849574176153600,-0.1018974320878483,-0.1395557194040566,215.7084655761718700,-0.1671205759140632,0.3564333815749968,0.9192529345099555,131.6997833251953100,0.0000000000000000,0.0000000000000000,0.0000000000000000,1.0000000000000000
-0.0284787375686280,0.9347305678119842,-0.3542142389915783,-147.7944030761718700,-0.9845377619665765,-0.0875024077045016,-0.1517521792520938,215.8468322753906200,-0.1728419994339965,0.3444155836250749,0.9227694993809977,131.8096466064453100,0.0000000000000000,0.0000000000000000,0.0000000000000000,1.0000000000000000
-0.0136347234554670,0.9404593189561989,-0.3396326893936087,-142.3163299560546900,-0.9840504541544148,-0.0728713178197025,-0.1622790027012432,216.0923309326171900,-0.1773662820120643,0.3320030729190055,0.9264530001989062,131.7746124267578100,0.0000000000000000,0.0000000000000000,0.0000000000000000,1.0000000000000000
0.0001774886373330,0.9459960538040334,-0.3241780910008879,-137.2762145996093700,-0.9837025878565744,-0.0581230895710359,-0.1701497137905194,216.5253295898437500,-0.1798031900219291,0.3189250266848208,0.9305684500411694,131.4860229492187500,0.0000000000000000,0.0000000000000000,0.0000000000000000,1.0000000000000000
0.0132531770818390,0.9511491706529276,-0.3084470918382684,-132.8002319335937500,-0.9835810255433582,-0.0431230377466819,-0.1752391788572807,217.1888885498046900,-0.1799797752201985,0.3057051827852219,0.9349607594599577,130.7174987792968700,0.0000000000000000,0.0000000000000000,0.0000000000000000,1.0000000000000000
0.0258926652339022,0.9558547739336053,-0.2926964657036729,-128.7632598876953100,-0.9836006349116295,-0.0279189185453543,-0.1781862087499965,218.0294647216796900,-0.1784919070673080,0.2925101453549844,0.9394564673128187,129.5414733886718700,0.0000000000000000,0.0000000000000000,0.0000000000000000,1.0000000000000000
0.0376816172903725,0.9603459683880495,-0.2762529940456778,-124.9760131835937500,-0.9837398270011803,-0.0129299505704315,-0.1791333836835956,218.9824066162109400,-0.1756019603821949,0.2785111081789479,0.9442433553543622,128.2975311279296900,0.0000000000000000,0.0000000000000000,0.0000000000000000,1.0000000000000000
0.0482021105258560,0.9648316656662068,-0.2584113261229588,-121.2492294311523400,-0.9839917195932062,0.0014296749098204,-0.1782084504215706,219.9831085205078100,-0.1715717118666661,0.2628646285779531,0.9494552831648874,127.3252563476562500,0.0000000000000000,0.0000000000000000,0.0000000000000000,1.0000000000000000
0.0570325422076783,0.9694838642899989,-0.2384288699186000,-117.3936462402343700,-0.9843631197138498,0.0147382142022579,-0.1755335682692779,220.9669189453125000,-0.1666629463214492,0.2447117118641028,0.9551647189882979,126.9642105102539100,0.0000000000000000,0.0000000000000000,0.0000000000000000,1.0000000000000000
0.0630213462477182,0.9744482972380706,-0.2155894847318629,-113.3174819946289100,-0.9851288286721587,0.0261413360659595,-0.1698170234920736,222.0433044433593700,-0.1598421122112259,0.2230855140041852,0.9616045718513105,127.2595138549804700,0.0000000000000000,0.0000000000000000,0.0000000000000000,1.0000000000000000
0.0664478181592934,0.9794622333958464,-0.1903639167833287,-109.1469192504882800,-0.9863092215895992,0.0356183973264273,-0.1610138167338923,223.2553405761718700,-0.1509264949211642,0.1984567033967796,0.9684193977857397,127.9847717285156200,0.0000000000000000,0.0000000000000000,0.0000000000000000,1.0000000000000000
0.0690346205712093,0.9840785118757106,-0.1637794359102400,-105.0196075439453100,-0.9875339729117579,0.0441307129052460,-0.1510931253353172,224.4388427734375000,-0.1414597946686912,0.1721684136041278,0.9748575095106616,129.0723266601562500,0.0000000000000000,0.0000000000000000,0.0000000000000000,1.0000000000000000
0.0725118732940572,0.9879230898300989,-0.1369306277351311,-101.0732269287109400,-0.9884606990327112,0.0528765579403915,-0.1419489911487236,225.4296569824218700,-0.1329942656626615,0.1456435312704512,0.9803573262336149,130.4545135498046900,0.0000000000000000,0.0000000000000000,0.0000000000000000,1.0000000000000000
0.0786167159135776,0.9907089577486050,-0.1109737492186183,-97.4454116821289060,-0.9887708493634749,0.0632993699701035,-0.1353713308290219,226.0635986328125000,-0.1270890216659031,0.1203700577305706,0.9845605262115391,132.0636444091796900,0.0000000000000000,0.0000000000000000,0.0000000000000000,1.0000000000000000
0.0887911479315862,0.9923359252396087,-0.0859391850545558,-94.2612991333007810,-0.9881666057806378,0.0769259251468099,-0.1326995149210457,226.1456298828125000,-0.1250715446013385,0.0967047750587188,0.9874235642376974,134.2375030517578100,0.0000000000000000,0.0000000000000000,0.0000000000000000,1.0000000000000000
0.1019307226429857,0.9929128620404731,-0.0611079060030312,-91.4724502563476560,-0.9867741809215260,0.0931352001730940,-0.1326746032794868,225.7574310302734400,-0.1260430230045686,0.0738233220826203,0.9892741144235785,137.0106201171875000,0.0000000000000000,0.0000000000000000,0.0000000000000000,1.0000000000000000
0.1159577127770852,0.9925813454374651,-0.0365524491253089,-88.9562072753906250,-0.9849428942733225,0.1101587552144909,-0.1332386718264807,225.1498870849609400,-0.1282236478501441,0.0514521266727155,0.9904097004739286,139.8605194091796900,0.0000000000000000,0.0000000000000000,0.0000000000000000,1.0000000000000000
0.1288173801545113,0.9915903983265981,-0.0124323978631093,-86.5899047851562500,-0.9831323375093443,0.1260571346833073,-0.1325156811054723,224.5738677978515600,-0.1298340845600293,0.0292930152414024,0.9911029359983383,142.2647247314453100,0.0000000000000000,0.0000000000000000,0.0000000000000000,1.0000000000000000
0.1407999994799569,0.9899688319842029,0.0117077686293057,-84.3304901123046880,-0.9813933828574132,0.1411201433313359,-0.1302003580249516,224.0314941406250000,-0.1305464983449441,0.0068422836813772,0.9914185770520427,144.1389312744140600,0.0000000000000000,0.0000000000000000,0.0000000000000000,1.0000000000000000
0.1530078740563442,0.9875693344992667,0.0359916661663985,-82.2049407958984370,-0.9794707988337279,0.1563888513328587,-0.1271985904434791,223.4067077636718700,-0.1312461226428303,-0.0157904001046388,0.9912240506342441,145.7932586669921900,0.0000000000000000,0.0000000000000000,0.0000000000000000,1.0000000000000000
0.1646307504693988,0.9845466113818028,0.0597049915542416,-80.1956558227539060,-0.9774863116176283,0.1709503212335038,-0.1236790130552728,222.7731018066406200,-0.1319743406880558,-0.0379994432429131,0.9905245154528897,147.2968444824218700,0.0000000000000000,0.0000000000000000,0.0000000000000000,1.0000000000000000
0.1748647707105343,0.9811588648509783,0.0821559120738845,-78.2850036621093750,-0.9755991795490612,0.1839154276203306,-0.1199222929501833,222.2042999267578100,-0.1327725605219351,-0.0591810561545713,0.9893781126368616,148.7188110351562500,0.0000000000000000,0.0000000000000000,0.0000000000000000,1.0000000000000000
0.1829119058793599,0.9777525926381473,0.1026796098403246,-76.4553756713867190,-0.9739981089963721,0.1944235595009833,-0.1163063333720870,221.7738647460937500,-0.1336821542281229,-0.0787359327140328,0.9878915601120295,150.1282958984375000,0.0000000000000000,0.0000000000000000,0.0000000000000000,1.0000000000000000
0.1889534534429470,0.9743593993522133,0.1221488981775048,-74.6211624145507810,-0.9727395795758421,0.2027503587850218,-0.1125611049126590,221.5270690917968700,-0.1344407035038041,-0.0975502583622376,0.9861083329608684,151.5421905517578100,0.0000000000000000,0.0000000000000000,0.0000000000000000,1.0000000000000000
0.1938933848625368,0.9707292268742962,0.1417396324200793,-72.7280349731445310,-0.9717102676975682,0.2098979621132363,-0.1082681908587697,221.4278259277343700,-0.1348499572030661,-0.1167373701637201,0.9839653832577595,152.9338378906250000,0.0000000000000000,0.0000000000000000,0.0000000000000000,1.0000000000000000
0.1980195112990752,0.9668412239585106,0.1612647537414315,-70.8052673339843750,-0.9708503834167487,0.2161256831840807,-0.1036302180243123,221.4277191162109400,-0.1350474219095929,-0.1360431428724854,0.9814552751465290,154.3070373535156200,0.0000000000000000,0.0000000000000000,0.0000000000000000,1.0000000000000000
0.2016176598654159,0.9626815160558043,0.1805397958204551,-68.8821411132812500,-0.9700923855948863,0.2217046064307808,-0.0988323373101885,221.4783477783203100,-0.1351705686945784,-0.1552139366547694,0.9785895724086343,155.6656036376953100,0.0000000000000000,0.0000000000000000,0.0000000000000000,1.0000000000000000
0.2049719441486832,0.9582449939403503,0.1993816282914929,-66.9879455566406250,-0.9693632058323891,0.2269171155676635,-0.0940404053628273,221.5312805175781200,-0.1353568516561401,-0.1739975696689744,0.9753990816373717,157.0133361816406200,0.0000000000000000,0.0000000000000000,0.0000000000000000,1.0000000000000000
0.2083659224633042,0.9535356987921912,0.2176081650235211,-65.1519622802734380,-0.9685851990649359,0.2320567129715640,-0.0894001908117188,221.5381317138671900,-0.1357437089089396,-0.1921440946105834,0.9719332756922794,158.3540344238281200,0.0000000000000000,0.0000000000000000,0.0000000000000000,1.0000000000000000
0.2120812518865090,0.9485664370371152,0.2350388417367726,-63.4034652709960940,-0.9676765373293408,0.2374249598247039,-0.0850382711168021,221.4504699707031200,-0.1364685374016593,-0.2094065495130233,0.9682588679276332,159.6915130615234400,0.0000000000000000,0.0000000000000000,0.0000000000000000,1.0000000000000000
0.2163981991609195,0.9433565188333717,0.2514961188060228,-61.7717475891113280,-0.9665501356510668,0.2433300050042516,-0.0810638263193592,221.2198944091796900,-0.1376686408475632,-0.2255415417150753,0.9644575461304512,161.0295715332031200,0.0000000000000000,0.0000000000000000,0.0000000000000000,1.0000000000000000
0.2215947449211086,0.9379283950052377,0.2668072241642784,-60.2860870361328130,-0.9651117968419140,0.2500835768857239,-0.0775720579114300,220.7980041503906200,-0.1394811407320749,-0.2403092391377013,0.9606229650415080,162.3720245361328100,0.0000000000000000,0.0000000000000000,0.0000000000000000,1.0000000000000000
0.2279450060517810,0.9323028740127598,0.2808067401676848,-58.9757652282714840,-0.9632574381681489,0.2579973488433957,-0.0746490174316723,220.1363525390625000,-0.1420428879943957,-0.2534733104240511,0.9568568852617848,163.7226715087890600,0.0000000000000000,0.0000000000000000,0.0000000000000000,1.0000000000000000
0.2357179284915565,0.9264928199678647,0.2933395860357810,-57.8700675964355470,-0.9608692091202501,0.2673796129320921,-0.0723775210470053,219.1865692138671900,-0.1454902785490307,-0.2648002967073083,0.9532645916593393,165.0853271484375000,0.0000000000000000,0.0000000000000000,0.0000000000000000,1.0000000000000000
0.2452311868064517,0.9203823656800347,0.3045619246766113,-57.0011940002441410,-0.9577808883670667,0.2786360255627088,-0.0708359734697724,217.9134063720703100,-0.1500581050669774,-0.2743324009369658,0.9498548830741820,166.4342956542968700,0.0000000000000000,0.0000000000000000,0.0000000000000000,1.0000000000000000
0.2563695950714053,0.9138732276394433,0.3148179704635522,-56.3553390502929690,-0.9539495839335872,0.2917020370571217,-0.0699293421223289,216.3493194580078100,-0.1557395968784425,-0.2823927148150107,0.9465725183965297,167.7485656738281200,0.0000000000000000,0.0000000000000000,0.0000000000000000,1.0000000000000000
0.2687481392743158,0.9069957541489538,0.3242424086888753,-55.8927764892578130,-0.9494368897553992,0.3061689980573681,-0.0694991870466204,214.5474090576171900,-0.1623084409640693,-0.2891699268325080,0.9434175763719347,169.0389251708984400,0.0000000000000000,0.0000000000000000,0.0000000000000000,1.0000000000000000
0.2819856816149066,0.8997888058498985,0.3329627309946116,-55.5737800598144530,-0.9443202591172266,0.3216243551301145,-0.0694047722272170,212.5608215332031200,-0.1695385607611155,-0.2948523004053920,0.9403822612962762,170.3162231445312500,0.0000000000000000,0.0000000000000000,0.0000000000000000,1.0000000000000000
0.2957083627748910,0.8923065464825657,0.3410946954869726,-55.3586196899414060,-0.9386986325432005,0.3376567643392984,-0.0695182476580131,210.4426422119140600,-0.1772045186966709,-0.2996279970234301,0.9374548639551713,171.5912322998046900,0.0000000000000000,0.0000000000000000,0.0000000000000000,1.0000000000000000
0.3095521220761951,0.8846232312386022,0.3487394765023008,-55.2075729370117190,-0.9326962096077366,0.3538597879517165,-0.0697210947570920,208.2460021972656200,-0.1850817773350083,-0.3036856750387489,0.9346227829850787,172.8747863769531200,0.0000000000000000,0.0000000000000000,0.0000000000000000,1.0000000000000000
0.3231651380487769,0.8768358940475618,0.3559818934436528,-55.0809135437011720,-0.9264641247988006,0.3698350623881906,-0.0699017316603490,206.0239868164062500,-0.1929469331466745,-0.3072146505916285,0.9318747981629059,174.1776733398437500,0.0000000000000000,0.0000000000000000,0.0000000000000000,1.0000000000000000
0.3362099181536976,0.8690648032110798,0.3628901469518994,-54.9389114379882810,-0.9201800825843872,0.3851948332180926,-0.0699539568364520,203.8297424316406200,-0.2005779313635335,-0.3104050712887484,0.9292024457394377,175.5106964111328100,0.0000000000000000,0.0000000000000000,0.0000000000000000,1.0000000000000000
0.3483634207666394,0.8614524525065960,0.3695167102339713,-54.7418441772460940,-0.9140465774759773,0.3995623731776617,-0.0697765300447609,201.7163696289062500,-0.2077541366043474,-0.3134478936139247,0.9266005810017475,176.8846893310546900,0.0000000000000000,0.0000000000000000,0.0000000000000000,1.0000000000000000
0.3593174245525155,0.8541601988895965,0.3759007090254450,-54.4499778747558590,-0.9082869817185664,0.4125724820000587,-0.0692726925771482,199.7369842529296900,-0.2142562653775244,-0.3165348349379514,0.9240670706270622,178.3104248046875000,0.0000000000000000,0.0000000000000000,0.0000000000000000,1.0000000000000000
0.3687756214255430,0.8473641430211936,0.3820713940668193,-54.0235939025878910,-0.9031408329112447,0.4238688339208962,-0.0683509148360341,197.9447021484375000,-0.2198662706523846,-0.3198581259754048,0.9216016505393827,179.7987518310546900,0.0000000000000000,0.0000000000000000,0.0000000000000000,1.0000000000000000
0.3764509755158845,0.8412487862955320,0.3880530151788967,-53.4229583740234380,-0.8988571230560897,0.4331014997352932,-0.0669250570292597,196.3926239013671900,-0.2243669658494066,-0.3236102138118231,0.9192039458967728,181.3604431152343700,0.0000000000000000,0.0000000000000000,0.0000000000000000,1.0000000000000000
0.3820601251659562,0.8359998962841616,0.3938708343747285,-52.6083488464355470,-0.8956868434079142,0.4399216758530529,-0.0649153114496749,195.1338653564453100,-0.2275415111669530,-0.3279833723338921,0.9168706387317389,183.0063171386718700,0.0000000000000000,0.0000000000000000,0.0000000000000000,1.0000000000000000
0.3848688975113709,0.8322366016817074,0.3990716358621156,-51.5853843688964840,-0.8941227534644846,0.4434434167403541,-0.0624694956497073,194.2251739501953100,-0.2289550904991417,-0.3327764639678169,0.9147892607391093,184.7572174072265600,0.0000000000000000,0.0000000000000000,0.0000000000000000,1.0000000000000000
0.3846851375546005,0.8302822217513910,0.4032973805867975,-50.3876914978027340,-0.8943119317960073,0.4434230682583286,-0.0598510750418357,193.6556701660156200,-0.2285246454802892,-0.3376498404855891,0.9131095616782055,186.6222229003906300,0.0000000000000000,0.0000000000000000,0.0000000000000000,1.0000000000000000
0.3820174571710330,0.8298400585231505,0.4067285823333199,-49.0175590515136720,-0.8959540654671186,0.4404564995117434,-0.0571347933469920,193.3770751953125000,-0.2265589878806840,-0.3425836384128054,0.9117606460592189,188.5945129394531200,0.0000000000000000,0.0000000000000000,0.0000000000000000,1.0000000000000000
0.3773591440224769,0.8305841457973148,0.4095485968389693,-47.4772720336914060,-0.8987257019501355,0.4351274504621149,-0.0543710815468662,193.3410797119140600,-0.2233655951055573,-0.3475544253846939,0.9106666417074119,190.6672973632812500,0.0000000000000000,0.0000000000000000,0.0000000000000000,1.0000000000000000
0.3711995882290952,0.8321776485725796,0.4119359500150021,-45.7691192626953130,-0.9022968304079700,0.4280168122253923,-0.0515949444048959,193.4994049072265600,-0.2192516716795589,-0.3525364799118319,0.9097509190965918,192.8337402343750000,0.0000000000000000,0.0000000000000000,0.0000000000000000,1.0000000000000000
0.3640331711393688,0.8342870968616087,0.4140590420706251,-43.8953895568847660,-0.9063437025293920,0.4197100124775809,-0.0488323490258439,193.8037567138671900,-0.2145249244156215,-0.3575032103860013,0.9089392231432057,195.0870361328125000,0.0000000000000000,0.0000000000000000,0.0000000000000000,1.0000000000000000
0.3563656501327850,0.8365926580304617,0.4160724070819456,-41.8583717346191410,-0.9105579316087954,0.4108024400352359,-0.0461043213311835,194.2058563232421900,-0.2094940967897425,-0.3624280339469110,0.9081619589146126,197.4203796386718700,0.0000000000000000,0.0000000000000000,0.0000000000000000,1.0000000000000000
0.3487165231634932,0.8387948301391482,0.4181148399717501,-39.6603469848632810,-0.9146524427630349,0.4019014791621791,-0.0434293678847129,194.6573944091796900,-0.2044693019022125,-0.3672852215636914,0.9073554268314771,199.8269500732421900,0.0000000000000000,0.0000000000000000,0.0000000000000000,1.0000000000000000
0.3416195424966891,0.8406167716767915,0.4203088523455598,-37.3036079406738280,-0.9183633548491824,0.3936269513321860,-0.0408236653803107,195.1100769042968700,-0.1997619499667229,-0.3720500858226182,0.9064622976080555,202.2999420166015600,0.0000000000000000,0.0000000000000000,0.0000000000000000,1.0000000000000000
0.3344246501058708,0.8424701019323054,0.4223793090951979,-34.6884307861328120,-0.9220018865003566,0.3852716711081701,-0.0384481564096575,195.6491851806640600,-0.1951222045061745,-0.3765765085499742,0.9056033671077873,204.9350738525390600,0.0000000000000000,0.0000000000000000,0.0000000000000000,1.0000000000000000
0.3262125651828814,0.8448369788168665,0.4240705619827836,-31.7434921264648440,-0.9259938064442135,0.3757864229817724,-0.0363322821953288,196.3780670166015600,-0.1900548151028036,-0.3808346669174880,0.9049000628412429,207.7892608642578100,0.0000000000000000,0.0000000000000000,0.0000000000000000,1.0000000000000000
0.3171236209481079,0.8475622797456032,0.4255241367880285,-28.5136642456054690,-0.9302639217007155,0.3652847626722688,-0.0342939957057972,197.2755584716796900,-0.1845037804999285,-0.3849743161717419,0.9042970368575438,210.7974548339843700,0.0000000000000000,0.0000000000000000,0.0000000000000000,1.0000000000000000
0.3072994088505977,0.8504920723238615,0.4268844202291025,-25.0438232421875000,-0.9347384303848649,0.3538786873584249,-0.0321549591061283,198.3205108642578100,-0.1784128360900971,-0.3891440729957761,0.9037343361688469,213.8945770263671900,0.0000000000000000,0.0000000000000000,0.0000000000000000,1.0000000000000000
0.2968831364367682,0.8534752845961952,0.4282993601243305,-21.3788471221923830,-0.9393459390898578,0.3416790780094406,-0.0297424673827122,199.4917755126953100,-0.1717253912933680,-0.3934912276456265,0.9031472990332626,217.0156097412109400,0.0000000000000000,0.0000000000000000,0.0000000000000000,1.0000000000000000
0.2860203648149082,0.8563646360259221,0.4299208776918575,-17.5636100769042970,-0.9440180417956928,0.3287960213137380,-0.0268907629583352,200.7681884765625000,-0.1643845724980670,-0.3981617592542587,0.9024660247301177,220.0954895019531200,0.0000000000000000,0.0000000000000000,0.0000000000000000,1.0000000000000000
0.2748586403391377,0.8590176978008161,0.4319042980752871,-13.6429872512817380,-0.9486899623152048,0.3153375991944737,-0.0234425667673335,202.1285858154296900,-0.1563332441718520,-0.4032998802370904,0.9016147311171510,223.0691680908203100,0.0000000000000000,0.0000000000000000,0.0000000000000000,1.0000000000000000
0.2615640500664415,0.8613676022655843,0.4354653849390079,-8.9649467468261719,-0.9543372631589653,0.2982615364625741,-0.0167464627082945,204.0778656005859400,-0.1443074352176485,-0.4112005710528900,0.9000496955761284,225.9069366455078100,0.0000000000000000,0.0000000000000000,0.0000000000000000,1.0000000000000000
0.2457413372207672,0.8638274111916610,0.4397879021242657,-3.3873779773712158,-0.9607363982125600,0.2773492837179564,-0.0079339757180036,206.6380157470703100,-0.1288284453469283,-0.4205705392619056,0.8980666195636289,228.6387023925781200,0.0000000000000000,0.0000000000000000,0.0000000000000000,1.0000000000000000
0.2298457443038841,0.8672478694609375,0.4416469933565246,2.2799618244171143,-0.9663431577894179,0.2572467849493625,-0.0022345081768492,209.0635833740234400,-0.1155501415791840,-0.4262689579932851,0.8971861235174947,231.2888488769531200,0.0000000000000000,0.0000000000000000,0.0000000000000000,1.0000000000000000
0.2130971936071652,0.8726903628785969,0.4393189235800947,7.7795338630676270,-0.9713199340855809,0.2377734228581103,-0.0011768731116407,211.3347015380859400,-0.1054854100088394,-0.4264684395370436,0.8983303948737936,233.7606658935546900,0.0000000000000000,0.0000000000000000,0.0000000000000000,1.0000000000000000
0.1951909033381059,0.8791218539730907,0.4347933729036932,13.3509473800659180,-0.9760163328270184,0.2176882185628197,-0.0019893601597877,213.6628875732421900,-0.0963982847822175,-0.4239771283522991,0.9005280480502452,236.1047821044921900,0.0000000000000000,0.0000000000000000,0.0000000000000000,1.0000000000000000
0.1794952491060470,0.8847822304264306,0.4300486719779388,18.9301681518554690,-0.9797154370617989,0.2003663210973668,-0.0033165875105701,215.6498260498046900,-0.0891017279920345,-0.4207300109233207,0.9027996123045776,238.5665588378906300,0.0000000000000000,0.0000000000000000,0.0000000000000000,1.0000000000000000
0.1694297710652990,0.8881924646163708,0.4270921428397593,24.4531612396240230,-0.9819208584935186,0.1892489244194949,-0.0040338891179184,216.8972015380859400,-0.0844095985780748,-0.4186872226433013,0.9041991093023301,241.3914031982421900,0.0000000000000000,0.0000000000000000,0.0000000000000000,1.0000000000000000
0.1657594166110417,0.8897040175215388,0.4253828593288646,29.8058528900146480,-0.9826855830112502,0.1852267140783396,-0.0044843431604073,217.2786407470703100,-0.0827820073844938,-0.4172742810164251,0.9050023832320107,244.5974731445312500,0.0000000000000000,0.0000000000000000,0.0000000000000000,1.0000000000000000
0.1658312199261474,0.8906064971146986,0.4234620098602615,35.0073318481445310,-0.9826246163514484,0.1855258888774335,-0.0053858979202198,217.1161651611328100,-0.0833598814656938,-0.4152110449558450,0.9058978520278657,247.9950103759765600,0.0000000000000000,0.0000000000000000,0.0000000000000000,1.0000000000000000
0.1679393868351778,0.8909030865065128,0.4220048018714874,40.1933059692382810,-0.9821279058224479,0.1881099430937112,-0.0062790058204589,216.6840057373046900,-0.0849772849309576,-0.4134081999216386,0.9065718511421548,251.5175628662109400,0.0000000000000000,0.0000000000000000,0.0000000000000000,1.0000000000000000
0.1703769872620399,0.8905916498368616,0.4216849480979464,45.4994888305664060,-0.9815777656076317,0.1909462419744526,-0.0066800254911848,216.2563781738281200,-0.0864683310596415,-0.4127784465263308,0.9067178071522967,255.0986328125000000,0.0000000000000000,0.0000000000000000,0.0000000000000000,1.0000000000000000
0.1714412429699180,0.8896866988202463,0.4231612909414823,51.0615844726562500,-0.9813748629006013,0.1920059662279197,-0.0060899425045804,216.1075592041015600,-0.0866676333803784,-0.4142357865699379,0.9060339035869625,258.6717834472656200,0.0000000000000000,0.0000000000000000,0.0000000000000000,1.0000000000000000
0.1694297710652990,0.8881924646163708,0.4270921428397593,57.0153160095214840,-0.9819208584935186,0.1892489244194949,-0.0040338891179184,216.5117492675781300,-0.0844095985780748,-0.4186872226433013,0.9041991093023301,262.1704711914062500,0.0000000000000000,0.0000000000000000,0.0000000000000000,1.0000000000000000
0.1625956659106057,0.8851202390939243,0.4360330397726770,63.7139358520507810,-0.9836058073506524,0.1803305048876222,0.0007243984029804,217.8327331542968700,-0.0779888785222463,-0.4290024141578805,0.8999303659025806,265.5941467285156300,0.0000000000000000,0.0000000000000000,0.0000000000000000,1.0000000000000000
0.1518497535610306,0.8799629641962270,0.4501186887771312,71.1323242187500000,-0.9860666926877957,0.1661672901973932,0.0078044372127122,219.9377899169921900,-0.0679273870777182,-0.4450321486268659,0.8929346318591015,268.9954833984375000,0.0000000000000000,0.0000000000000000,0.0000000000000000,1.0000000000000000
0.1394906459365881,0.8735324128984775,0.4663512445699672,78.8386230468750000,-0.9886157414127930,0.1496783350156282,0.0153398780237365,222.3564910888671900,-0.0564027971560558,-0.4631819509034364,0.8844666216597772,272.3878479003906200,0.0000000000000000,0.0000000000000000,0.0000000000000000,1.0000000000000000
0.1278601144318818,0.8669872535718142,0.4816481010877848,86.4009704589843750,-0.9907434086072702,0.1339800828326762,0.0218365680773547,224.6183776855468700,-0.0455992262951229,-0.4799817075141011,0.8760926155453738,275.7846984863281200,0.0000000000000000,0.0000000000000000,0.0000000000000000,1.0000000000000000
0.1278601144318818,0.8669872535718142,0.4816481010877848,86.4009704589843750,-0.9907434086072702,0.1339800828326762,0.0218365680773547,224.6183776855468700,-0.0455992262951229,-0.4799817075141011,0.8760926155453738,275.7846984863281200,0.0000000000000000,0.0000000000000000,0.0000000000000000,1.0000000000000000
0.1278601144318818,0.8669872535718142,0.4816481010877848,86.4009704589843750,-0.9907434086072702,0.1339800828326762,0.0218365680773547,224.6183776855468700,-0.0455992262951229,-0.4799817075141011,0.8760926155453738,275.7846984863281200,0.0000000000000000,0.0000000000000000,0.0000000000000000,1.0000000000000000
