-0.3061540650731669,0.4218397866411687,-0.8534171798397947,-231.8808593750000000,-0.8215838935626185,-0.5699390168668561,0.0130162548887625,236.4332885742187500,-0.4809049742700349,0.7051387887922312,0.5210659212258679,92.4567871093750000,0.0000000000000000,0.0000000000000000,0.0000000000000000,1.0000000000000000
-0.3061540650731669,0.4218397866411687,-0.8534171798397947,-231.8808593750000000,-0.8215838935626185,-0.5699390168668561,0.0130162548887625,236.4332885742187500,-0.4809049742700349,0.7051387887922312,0.5210659212258679,92.4567871093750000,0.0000000000000000,0.0000000000000000,0.0000000000000000,1.0000000000000000
-0.3061540650731669,0.4218397866411687,-0.8534171798397947,-231.8808593750000000,-0.8215838935626185,-0.5699390168668561,0.0130162548887625,236.4332885742187500,-0.4809049742700349,0.7051387887922312,0.5210659212258679,92.4567871093750000,0.0000000000000000,0.0000000000000000,0.0000000000000000,1.0000000000000000
-0.3061540650731669,0.4218397866411687,-0.8534171798397947,-231.8808593750000000,-0.8215838935626185,-0.5699390168668561,0.0130162548887625,236.4332885742187500,-0.4809049742700349,0.7051387887922312,0.5210659212258679,92.4567871093750000,0.0000000000000000,0.0000000000000000,0.0000000000000000,1.0000000000000000
-0.3061540650731669,0.4218397866411687,-0.8534171798397947,-231.8808593750000000,-0.8215838935626185,-0.5699390168668561,0.0130162548887625,236.4332885742187500,-0.4809049742700349,0.7051387887922312,0.5210659212258679,92.4567871093750000,0.0000000000000000,0.0000000000000000,0.0000000000000000,1.0000000000000000
-0.3061540650731669,0.4218397866411687,-0.8534171798397947,-231.8808593750000000,-0.8215838935626185,-0.5699390168668561,0.0130162548887625,236.4332885742187500,-0.4809049742700349,0.7051387887922312,0.5210659212258679,92.4567871093750000,0.0000000000000000,0.0000000000000000,0.0000000000000000,1.0000000000000000
-0.3061540650731669,0.4218397866411687,-0.8534171798397947,-231.8808593750000000,-0.8215838935626185,-0.5699390168668561,0.0130162548887625,236.4332885742187500,-0.4809049742700349,0.7051387887922312,0.5210659212258679,92.4567871093750000,0.0000000000000000,0.0000000000000000,0.0000000000000000,1.0000000000000000
-0.3061540650731669,0.4218397866411687,-0.8534171798397947,-231.8808593750000000,-0.8215838935626185,-0.5699390168668561,0.0130162548887625,236.4332885742187500,-0.4809049742700349,0.7051387887922312,0.5210659212258679,92.4567871093750000,0.0000000000000000,0.0000000000000000,0.0000000000000000,1.0000000000000000
-0.3061540650731669,0.4218397866411687,-0.8534171798397947,-231.8808593750000000,-0.8215838935626185,-0.5699390168668561,0.0130162548887625,236.4332885742187500,-0.4809049742700349,0.7051387887922312,0.5210659212258679,92.4567871093750000,0.0000000000000000,0.0000000000000000,0.0000000000000000,1.0000000000000000
-0.3061540650731669,0.4218397866411687,-0.8534171798397947,-231.8808593750000000,-0.8215838935626185,-0.5699390168668561,0.0130162548887625,236.4332885742187500,-0.4809049742700349,0.7051387887922312,0.5210659212258679,92.4567871093750000,0.0000000000000000,0.0000000000000000,0.0000000000000000,1.0000000000000000
-0.3061540650731669,0.4218397866411687,-0.8534171798397947,-231.8808593750000000,-0.8215838935626185,-0.5699390168668561,0.0130162548887625,236.4332885742187500,-0.4809049742700349,0.7051387887922312,0.5210659212258679,92.4567871093750000,0.0000000000000000,0.0000000000000000,0.0000000000000000,1.0000000000000000
-0.3061540650731669,0.4218397866411687,-0.8534171798397947,-231.8808593750000000,-0.8215838935626185,-0.5699390168668561,0.0130162548887625,236.4332885742187500,-0.4809049742700349,0.7051387887922312,0.5210659212258679,92.4567871093750000,0.0000000000000000,0.0000000000000000,0.0000000000000000,1.0000000000000000
-0.3061540650731669,0.4218397866411687,-0.8534171798397947,-231.8808593750000000,-0.8215838935626185,-0.5699390168668561,0.0130162548887625,236.4332885742187500,-0.4809049742700349,0.7051387887922312,0.5210659212258679,92.4567871093750000,0.0000000000000000,0.0000000000000000,0.0000000000000000,1.0000000000000000
-0.3061540650731669,0.4218397866411687,-0.8534171798397947,-231.8808593750000000,-0.8215838935626185,-0.5699390168668561,0.0130162548887625,236.4332885742187500,-0.4809049742700349,0.7051387887922312,0.5210659212258679,92.4567871093750000,0.0000000000000000,0.0000000000000000,0.0000000000000000,1.0000000000000000
-0.3061540650731669,0.4218397866411687,-0.8534171798397947,-231.8808593750000000,-0.8215838935626185,-0.5699390168668561,0.0130162548887625,236.4332885742187500,-0.4809049742700349,0.7051387887922312,0.5210659212258679,92.4567871093750000,0.0000000000000000,0.0000000000000000,0.0000000000000000,1.0000000000000000
-0.3061540650731669,0.4218397866411687,-0.8534171798397947,-231.8808593750000000,-0.8215838935626185,-0.5699390168668561,0.0130162548887625,236.4332885742187500,-0.4809049742700349,0.7051387887922312,0.5210659212258679,92.4567871093750000,0.0000000000000000,0.0000000000000000,0.0000000000000000,1.0000000000000000
-0.3061540650731669,0.4218397866411687,-0.8534171798397947,-231.8808593750000000,-0.8215838935626185,-0.5699390168668561,0.0130162548887625,236.4332885742187500,-0.4809049742700349,0.7051387887922312,0.5210659212258679,92.4567871093750000,0.0000000000000000,0.0000000000000000,0.0000000000000000,1.0000000000000000
-0.3061540650731669,0.4218397866411687,-0.8534171798397947,-231.8808593750000000,-0.8215838935626185,-0.5699390168668561,0.0130162548887625,236.4332885742187500,-0.4809049742700349,0.7051387887922312,0.5210659212258679,92.4567871093750000,0.0000000000000000,0.0000000000000000,0.0000000000000000,1.0000000000000000
-0.3061540650731669,0.4218397866411687,-0.8534171798397947,-231.8808593750000000,-0.8215838935626185,-0.5699390168668561,0.0130162548887625,236.4332885742187500,-0.4809049742700349,0.7051387887922312,0.5210659212258679,92.4567871093750000,0.0000000000000000,0.0000000000000000,0.0000000000000000,1.0000000000000000
-0.3061540650731669,0.4218397866411687,-0.8534171798397947,-231.8808593750000000,-0.8215838935626185,-0.5699390168668561,0.0130162548887625,236.4332885742187500,-0.4809049742700349,0.7051387887922312,0.5210659212258679,92.4567871093750000,0.0000000000000000,0.0000000000000000,0.0000000000000000,1.0000000000000000
-0.3061540650731669,0.4218397866411687,-0.8534171798397947,-231.8808593750000000,-0.8215838935626185,-0.5699390168668561,0.0130162548887625,236.4332885742187500,-0.4809049742700349,0.7051387887922312,0.5210659212258679,92.4567871093750000,0.0000000000000000,0.0000000000000000,0.0000000000000000,1.0000000000000000
-0.3061540650731669,0.4218397866411687,-0.8534171798397947,-231.8808593750000000,-0.8215838935626185,-0.5699390168668561,0.0130162548887625,236.4332885742187500,-0.4809049742700349,0.7051387887922312,0.5210659212258679,92.4567871093750000,0.0000000000000000,0.0000000000000000,0.0000000000000000,1.0000000000000000
-0.3061540650731669,0.4218397866411687,-0.8534171798397947,-231.8808593750000000,-0.8215838935626185,-0.5699390168668561,0.0130162548887625,236.4332885742187500,-0.4809049742700349,0.7051387887922312,0.5210659212258679,92.4567871093750000,0.0000000000000000,0.0000000000000000,0.0000000000000000,1.0000000000000000
-0.3061540650731669,0.4218397866411687,-0.8534171798397947,-231.8808593750000000,-0.8215838935626185,-0.5699390168668561,0.0130162548887625,236.4332885742187500,-0.4809049742700349,0.7051387887922312,0.5210659212258679,92.4567871093750000,0.0000000000000000,0.0000000000000000,0.0000000000000000,1.0000000000000000
-0.3061540650731669,0.4218397866411687,-0.8534171798397947,-231.8808593750000000,-0.8215838935626185,-0.5699390168668561,0.0130162548887625,236.4332885742187500,-0.4809049742700349,0.7051387887922312,0.5210659212258679,92.4567871093750000,0.0000000000000000,0.0000000000000000,0.0000000000000000,1.0000000000000000
-0.3061540650731669,0.4218397866411687,-0.8534171798397947,-231.8808593750000000,-0.8215838935626185,-0.5699390168668561,0.0130162548887625,236.4332885742187500,-0.4809049742700349,0.7051387887922312,0.5210659212258679,92.4567871093750000,0.0000000000000000,0.0000000000000000,0.0000000000000000,1.0000000000000000
-0.3061540650731669,0.4218397866411687,-0.8534171798397947,-231.8808593750000000,-0.8215838935626185,-0.5699390168668561,0.0130162548887625,236.4332885742187500,-0.4809049742700349,0.7051387887922312,0.5210659212258679,92.4567871093750000,0.0000000000000000,0.0000000000000000,0.0000000000000000,1.0000000000000000
-0.3061540650731669,0.4218397866411687,-0.8534171798397947,-231.8808593750000000,-0.8215838935626185,-0.5699390168668561,0.0130162548887625,236.4332885742187500,-0.4809049742700349,0.7051387887922312,0.5210659212258679,92.4567871093750000,0.0000000000000000,0.0000000000000000,0.0000000000000000,1.0000000000000000
-0.3061540650731669,0.4218397866411687,-0.8534171798397947,-231.8808593750000000,-0.8215838935626185,-0.5699390168668561,0.0130162548887625,236.4332885742187500,-0.4809049742700349,0.7051387887922312,0.5210659212258679,92.4567871093750000,0.0000000000000000,0.0000000000000000,0.0000000000000000,1.0000000000000000
-0.3061540650731669,0.4218397866411687,-0.8534171798397947,-231.8808593750000000,-0.8215838935626185,-0.5699390168668561,0.0130162548887625,236.4332885742187500,-0.4809049742700349,0.7051387887922312,0.5210659212258679,92.4567871093750000,0.0000000000000000,0.0000000000000000,0.0000000000000000,1.0000000000000000
-0.3061540650731669,0.4218397866411687,-0.8534171798397947,-231.8808593750000000,-0.8215838935626185,-0.5699390168668561,0.0130162548887625,236.4332885742187500,-0.4809049742700349,0.7051387887922312,0.5210659212258679,92.4567871093750000,0.0000000000000000,0.0000000000000000,0.0000000000000000,1.0000000000000000
-0.3061540650731669,0.4218397866411687,-0.8534171798397947,-231.8808593750000000,-0.8215838935626185,-0.5699390168668561,0.0130162548887625,236.4332885742187500,-0.4809049742700349,0.7051387887922312,0.5210659212258679,92.4567871093750000,0.0000000000000000,0.0000000000000000,0.0000000000000000,1.0000000000000000
-0.3061540650731669,0.4218397866411687,-0.8534171798397947,-231.8808593750000000,-0.8215838935626185,-0.5699390168668561,0.0130162548887625,236.4332885742187500,-0.4809049742700349,0.7051387887922312,0.5210659212258679,92.4567871093750000,0.0000000000000000,0.0000000000000000,0.0000000000000000,1.0000000000000000
-0.3061540650731669,0.4218397866411687,-0.8534171798397947,-231.8808593750000000,-0.8215838935626185,-0.5699390168668561,0.0130162548887625,236.4332885742187500,-0.4809049742700349,0.7051387887922312,0.5210659212258679,92.4567871093750000,0.0000000000000000,0.0000000000000000,0.0000000000000000,1.0000000000000000
-0.3061540650731669,0.4218397866411687,-0.8534171798397947,-231.8808593750000000,-0.8215838935626185,-0.5699390168668561,0.0130162548887625,236.4332885742187500,-0.4809049742700349,0.7051387887922312,0.5210659212258679,92.4567871093750000,0.0000000000000000,0.0000000000000000,0.0000000000000000,1.0000000000000000
-0.2987781321866530,0.4074136068778341,-0.8629865472056030,-219.8361053466796875,-0.8364472632999187,-0.5471540389129670,0.0312799203851893,238.4586486816406250,-0.4594427096441200,0.7311884918624071,0.5042576582689129,85.1052932739257813,0.0000000000000000,0.0000000000000000,0.0000000000000000,1.0000000000000000
-0.2905403449151313,0.3912732778458227,-0.8732076099189598,-207.4415130615234375,-0.8517096338515806,-0.5216575972716321,0.0496392064118105,240.4444580078125000,-0.4360928887072145,0.7581415258726919,0.4848137984488721,77.3810806274414063,0.0000000000000000,0.0000000000000000,0.0000000000000000,1.0000000000000000
-0.2815847917089411,0.3739135201769058,-0.8836847200824212,-194.9070129394531250,-0.8666822819134622,-0.4943412891687280,0.0669963584105441,242.4144287109375000,-0.4117909995319305,0.7847390453213826,0.4632632118489217,69.5077819824218750,0.0000000000000000,0.0000000000000000,0.0000000000000000,1.0000000000000000
-0.2721418048180350,0.3559289296781741,-0.8940097511149034,-182.4424743652343750,-0.8807747135241378,-0.4662993898038674,0.0824668605259928,244.3923339843750000,-0.3875238600226510,0.8098638626872359,0.4403927585990197,61.7090263366699219,0.0000000000000000,0.0000000000000000,0.0000000000000000,1.0000000000000000
-0.2625217319119912,0.3380316887002258,-0.9037792416892535,-170.2577972412109375,-0.8935046323937444,-0.4387994928477289,0.0954173829419763,246.4018859863281250,-0.3643237738123172,0.8325800757350910,0.4172272825740210,54.2084465026855469,0.0000000000000000,0.0000000000000000,0.0000000000000000,1.0000000000000000
-0.2530992720641417,0.3210577310218682,-0.9126131118013214,-158.5628662109375000,-0.9044967503500643,-0.4132324870552931,0.1054729360939121,248.4668121337890625,-0.3432584843624044,0.8521507172989921,0.3949845160509944,47.2296600341796875,0.0000000000000000,0.0000000000000000,0.0000000000000000,1.0000000000000000
-0.2442952823686438,0.3059553994807852,-0.9201690651945313,-147.5675354003906250,-0.9134674094238737,-0.3910537826750831,0.1124910262018519,250.6108551025390625,-0.3254183567853256,0.8680254792251562,0.3750128804228950,40.9963150024414063,0.0000000000000000,0.0000000000000000,0.0000000000000000,1.0000000000000000
-0.2365538656079628,0.2937586195143048,-0.9261469333356236,-137.4817199707031250,-0.9201951410768605,-0.3737244360269885,0.1164944129769606,252.8577728271484375,-0.3119025024017395,0.8797931116901061,0.3587212143408495,35.7320251464843750,0.0000000000000000,0.0000000000000000,0.0000000000000000,1.0000000000000000
-0.2314481254446638,0.2877079642909883,-0.9293308842988522,-129.0267944335937500,-0.9227430437764391,-0.3675377164309770,0.1160228518995087,255.3619689941406250,-0.3081834524927382,0.8843868804342576,0.3505464381867517,32.5172958374023438,0.0000000000000000,0.0000000000000000,0.0000000000000000,1.0000000000000000
-0.2293712155792294,0.2888370589961380,-0.9294955614816935,-122.3944244384765625,-0.9208780858158546,-0.3736770798115552,0.1111260144504264,258.1451416015625000,-0.3152338759204576,0.8814412024485639,0.3516944840315178,31.5563774108886719,0.0000000000000000,0.0000000000000000,0.0000000000000000,1.0000000000000000
-0.2288828703764861,0.2946500236917151,-0.9277898443002555,-117.0000305175781250,-0.9167643542909837,-0.3857437902996884,0.1036573535580839,261.0318908691406250,-0.3273465294602285,0.8742900501456607,0.3584147846652562,31.7585144042968750,0.0000000000000000,0.0000000000000000,0.0000000000000000,1.0000000000000000
-0.2285572981764932,0.3025828396071321,-0.9253135612458869,-112.2589950561523438,-0.9126565747425371,-0.3974204818662918,0.0954721800965309,263.8468322753906250,-0.3388503180306631,0.8663143689033729,0.3669875695470752,32.0329666137695313,0.0000000000000000,0.0000000000000000,0.0000000000000000,1.0000000000000000
-0.2270574923684043,0.3101495406866213,-0.9231750416747898,-107.5867156982421875,-0.9110427171380211,-0.4026350015701892,0.0888044090141094,266.4146118164062500,-0.3441599376876157,0.8612156047834083,0.3739807740625244,31.2889709472656250,0.0000000000000000,0.0000000000000000,0.0000000000000000,1.0000000000000000
-0.2246601667605275,0.3177991304733410,-0.9211577075297805,-103.4528350830078125,-0.9122537523896651,-0.4008815917993196,0.0841845627619411,268.8143615722656250,-0.3425213872477272,0.8592424931454636,0.3799755745453390,29.4022827148437500,0.0000000000000000,0.0000000000000000,0.0000000000000000,1.0000000000000000
-0.2215463204679718,0.3289600949561455,-0.9179882808693945,-100.5925369262695313,-0.9161145701058195,-0.3927843339628366,0.0803402852447023,270.8522949218750000,-0.3341426676240735,0.8587815338721569,0.3883850598996482,26.7064971923828125,0.0000000000000000,0.0000000000000000,0.0000000000000000,1.0000000000000000
-0.2251398170715549,0.3512930021091326,-0.9087933150272065,-98.1360473632812500,-0.9193588716246940,-0.3854557833982682,0.0787597880253409,273.5111389160156250,-0.3226318768100203,0.8532391609120974,0.4097457825921625,25.8116874694824219,0.0000000000000000,0.0000000000000000,0.0000000000000000,1.0000000000000000
-0.2298405331990477,0.3757692902321499,-0.8977587481151068,-95.7959136962890625,-0.9225260701241786,-0.3779757130236038,0.0779744208413077,276.2320251464843750,-0.3100306101661843,0.8461275322802848,0.4335311060088524,25.2207393646240234,0.0000000000000000,0.0000000000000000,0.0000000000000000,1.0000000000000000
-0.2321081587414080,0.4038125838978556,-0.8849074526363820,-94.1059417724609375,-0.9284491879911728,-0.3632255795817676,0.0777771409607032,278.0821838378906250,-0.2900136341005461,0.8396443148281456,0.4592270861050862,24.0886516571044922,0.0000000000000000,0.0000000000000000,0.0000000000000000,1.0000000000000000
-0.2318985637329982,0.4436389733464756,-0.8656832662508024,-93.3860855102539063,-0.9386464837671953,-0.3356031058390730,0.0794564903745970,278.9343566894531250,-0.2552759970111822,0.8309963999195503,0.4942460406221721,22.8115501403808594,0.0000000000000000,0.0000000000000000,0.0000000000000000,1.0000000000000000
-0.2286849880999417,0.4859727480232006,-0.8435245487811891,-93.3163833618164063,-0.9499827217089784,-0.3007093532920677,0.0843013244087438,278.9158935546875000,-0.2126875752650620,0.8206121940487147,0.5304334287226092,20.9933090209960938,0.0000000000000000,0.0000000000000000,0.0000000000000000,1.0000000000000000
-0.2184187178542235,0.5072428140379407,-0.8336653952862552,-93.4707946777343750,-0.9595699009219728,-0.2670577110476954,0.0889144769683825,277.4760131835937500,-0.1775355427386654,0.8193808068150222,0.5450653396498908,16.6005611419677734,0.0000000000000000,0.0000000000000000,0.0000000000000000,1.0000000000000000
-0.2014064205011792,0.5053704685759167,-0.8390686165459060,-93.6697463989257813,-0.9674870954642539,-0.2364304957288644,0.0898295096254287,274.7648315429687500,-0.1529842275891333,0.8298802987062422,0.5365580266179927,9.5886335372924805,0.0000000000000000,0.0000000000000000,0.0000000000000000,1.0000000000000000
-0.1812141355963563,0.4947972265131471,-0.8499041955979290,-93.9804916381835938,-0.9746523458595888,-0.2056549123793422,0.0880844011425727,271.4591064453125000,-0.1312030554921110,0.8443232566080023,0.5195228547238240,1.5342931747436523,0.0000000000000000,0.0000000000000000,0.0000000000000000,1.0000000000000000
-0.1591128187018092,0.4777969588225710,-0.8639404939373241,-94.3472671508789063,-0.9809623149123219,-0.1752008564348995,0.0837710966045966,267.7980651855468750,-0.1113375392517013,0.8608221221857513,0.4965775128909843,-7.1636729240417480,0.0000000000000000,0.0000000000000000,0.0000000000000000,1.0000000000000000
-0.1363811165896743,0.4568590027191164,-0.8790222082929692,-94.7142944335937500,-0.9863269974232488,-0.1454847918769964,0.0774159511118066,264.0208129882812500,-0.0925161888092685,0.8775614092284376,0.4704537467607271,-16.1064815521240234,0.0000000000000000,0.0000000000000000,0.0000000000000000,1.0000000000000000
-0.1143017347240400,0.4347526776770737,-0.8932666022480017,-95.0257949829101563,-0.9906968835693769,-0.1167293816867634,0.0699566747133585,260.3665466308593750,-0.0738566065088286,0.8929526083189635,0.4440504937181803,-24.8953437805175781,0.0000000000000000,0.0000000000000000,0.0000000000000000,1.0000000000000000
-0.0941596378457254,0.4145170355063169,-0.9051572183194567,-95.2259826660156250,-0.9940659048467068,-0.0888908401812320,0.0627008401313206,257.0744628906250000,-0.0544696192575328,0.9056898176566465,0.4204271812942283,-33.1314811706542969,0.0000000000000000,0.0000000000000000,0.0000000000000000,1.0000000000000000
-0.0908886612386877,0.4026650530220578,-0.9108238613107269,-94.3524017333984375,-0.9951385784149634,-0.0715557355302337,0.0676682086579270,256.2570800781250000,-0.0379270485074248,0.9125462354245241,0.4072111334480489,-38.1873283386230469,0.0000000000000000,0.0000000000000000,0.0000000000000000,1.0000000000000000
-0.0887969777948542,0.3892206387948094,-0.9168546182850695,-93.3978729248046875,-0.9958360184115105,-0.0537590594690424,0.0736246423374245,255.5537567138671875,-0.0206330116272415,0.9195744982659994,0.3923735732309524,-43.4588432312011719,0.0000000000000000,0.0000000000000000,0.0000000000000000,1.0000000000000000
-0.0877504048632210,0.3751276266007517,-0.9228104519386567,-92.4077529907226563,-0.9961364425247373,-0.0362736704655211,0.0799775512573321,254.9932708740234375,-0.0034719332512585,0.9262631832216186,0.3768613287240454,-48.6874122619628906,0.0000000000000000,0.0000000000000000,0.0000000000000000,1.0000000000000000
-0.0876174886917301,0.3613474301067021,-0.9283055587631889,-91.4273986816406250,-0.9960736055661791,-0.0199266869975614,0.0862571703668347,254.6043548583984375,0.0126707525327613,0.9322183016335730,0.3616745638411282,-53.6144256591796875,0.0000000000000000,0.0000000000000000,0.0000000000000000,1.0000000000000000
-0.0882695473107209,0.3488510167154574,-0.9330120337670634,-90.5021591186523438,-0.9957330389005347,-0.0055968443039050,0.0921107516837443,254.4157562255859375,0.0269110062886352,0.9371614820672206,0.3478565139106978,-57.9812660217285156,0.0000000000000000,0.0000000000000000,0.0000000000000000,1.0000000000000000
-0.0895809169746492,0.3386068883987646,-0.9366539566151886,-89.6773681640625000,-0.9952402599308178,0.0057954733587077,0.0972791730093710,254.4562072753906250,0.0383677511305997,0.9409100847676442,0.3364760438065766,-61.5293197631835938,0.0000000000000000,0.0000000000000000,0.0000000000000000,1.0000000000000000
-0.0914277802722610,0.3315697397691522,-0.9389901323570465,-88.9984054565429688,-0.9947411374853918,0.0133026135248000,0.1015534827944300,254.7544403076171875,0.0461630846971469,0.9433369218592191,0.3286098316673096,-63.9999847412109375,0.0000000000000000,0.0000000000000000,0.0000000000000000,1.0000000000000000
-0.0936870867031552,0.3286696783220613,-0.9397866632043402,-88.5106124877929688,-0.9943743375956545,0.0159661844184251,0.1047127388922671,255.3392486572265625,0.0494207093866403,0.9443099721525711,0.3253248683653490,-65.1346359252929688,0.0000000000000000,0.0000000000000000,0.0000000000000000,1.0000000000000000
-0.0964349262960779,0.3288038734408922,-0.9394617170489364,-88.1483917236328125,-0.9941328269747043,0.0146402260767247,0.1071708267753182,256.1862182617187500,0.0489921148916119,0.9442847433855365,0.3254628951013602,-65.2544479370117188,0.0000000000000000,0.0000000000000000,0.0000000000000000,1.0000000000000000
-0.0997730585960217,0.3301707200193360,-0.9386333855240333,-87.8161849975585938,-0.9939232698927020,0.0110102618192674,0.1095230920877902,257.2323913574218750,0.0464959175002947,0.9438570176549965,0.3270658341667947,-64.8879241943359375,0.0000000000000000,0.0000000000000000,0.0000000000000000,1.0000000000000000
-0.1036136373600977,0.3326231886353792,-0.9373505366377316,-87.5143890380859375,-0.9937217324355782,0.0053714074546219,0.1117509126011500,258.4484558105468750,0.0422058365423978,0.9430445176999810,0.3299783401948785,-64.0875396728515625,0.0000000000000000,0.0000000000000000,0.0000000000000000,1.0000000000000000
-0.1078684828232618,0.3360131767993287,-0.9356599464712759,-87.2434387207031250,-0.9934987481411924,-0.0019788646031763,0.1138258386165736,259.8052368164062500,0.0363954372867207,0.9418552060227229,0.3340421276315354,-62.9057083129882813,0.0000000000000000,0.0000000000000000,0.0000000000000000,1.0000000000000000
-0.1124482661324548,0.3401942244989885,-0.9336076676320394,-87.0037307739257813,-0.9932243667777114,-0.0107402578971268,0.1157151852581029,261.2734375000000000,0.0293384505865339,0.9402938564501181,0.3390969165877898,-61.3948974609375000,0.0000000000000000,0.0000000000000000,0.0000000000000000,1.0000000000000000
-0.1172636142726959,0.3450251801259590,-0.9312394267033339,-86.7956695556640625,-0.9928721827988503,-0.0206101420162350,0.1173884605500773,262.8239135742187500,0.0213089979105265,0.9383671174572991,0.3449827234557246,-59.6075286865234375,0.0000000000000000,0.0000000000000000,0.0000000000000000,1.0000000000000000
-0.1222252298007162,0.3503714156340358,-0.9286015638080543,-86.6196670532226563,-0.9924226394866971,-0.0312837434139208,0.1188218499783131,264.4273376464843750,0.0125816467292198,0.9360882429048094,0.3515401878320136,-57.5960617065429688,0.0000000000000000,0.0000000000000000,0.0000000000000000,1.0000000000000000
-0.1272443297291906,0.3561072243588939,-0.9257410681779076,-86.4761352539062500,-0.9918654675230673,-0.0424547791528113,0.1200020252426311,266.0545043945312500,0.0034314555244186,0.9334801746617281,0.3586125884941764,-55.4129219055175781,0.0000000000000000,0.0000000000000000,0.0000000000000000,1.0000000000000000
-0.1322333663417121,0.3621163673972364,-0.9227058433157169,-86.3654861450195313,-0.9912012530268767,-0.0538163813909268,0.1209292069433021,267.6762084960937500,-0.0058662444449782,0.9305780641929057,0.3660465183813333,-53.1105690002441406,0.0000000000000000,0.0000000000000000,0.0000000000000000,1.0000000000000000
-0.1371056590941289,0.3682934672860290,-0.9195444307910300,-86.2881240844726563,-0.9904423036505174,-0.0650618036045370,0.1216182751529583,269.2631530761718750,-0.0150360029203425,0.9274302581144093,0.3736937716232638,-50.7414321899414063,0.0000000000000000,0.0000000000000000,0.0000000000000000,1.0000000000000000
-0.1417763907285136,0.3745426801409265,-0.9163063001992551,-86.2444686889648438,-0.9896124981019461,-0.0758854314547366,0.1221003885880574,270.7861328125000000,-0.0238024921472943,0.9240991191673003,0.3814108799205889,-48.3579559326171875,0.0000000000000000,0.0000000000000000,0.0000000000000000,1.0000000000000000
-0.1461631899839118,0.3807778946516108,-0.9130413554918605,-86.2349090576171875,-0.9887463300911719,-0.0859838380023521,0.1224233406406828,272.2159729003906250,-0.0318906980946839,0.9206600754605752,0.3890604179661068,-46.0125885009765625,0.0000000000000000,0.0000000000000000,0.0000000000000000,1.0000000000000000
-0.1501850643583210,0.3869212902596621,-0.9098001767352463,-86.2598648071289063,-0.9878873473404315,-0.0950559140003574,0.1226497540896125,273.5233459472656250,-0.0390260862548724,0.9172002444163189,0.3965106256259374,-43.7577590942382813,0.0000000000000000,0.0000000000000000,0.0000000000000000,1.0000000000000000
-0.1537624087485789,0.3929020552639005,-0.9066339374991640,-86.3197555541992188,-0.9870856092313379,-0.1028031933095116,0.1228556205216756,274.6790466308593750,-0.0449346381340020,0.9138158886858830,0.4036352312187282,-41.6459350585937500,0.0000000000000000,0.0000000000000000,0.0000000000000000,1.0000000000000000
-0.1568175295545863,0.3986535688635283,-0.9035948176349666,-86.4149856567382813,-0.9863942235008094,-0.1089298383367881,0.1231289006048393,275.6538085937500000,-0.0493426617505746,0.9106094785100214,0.4103116856477221,-39.7295303344726563,0.0000000000000000,0.0000000000000000,0.0000000000000000,1.0000000000000000
-0.1592726521606270,0.4041117652487232,-0.9007363118367555,-86.5459518432617188,-0.9858654284013380,-0.1131416668903422,0.1235650447995771,276.4184570312500000,-0.0519767193728749,0.9076853223451593,0.4164201919244523,-38.0610122680664063,0.0000000000000000,0.0000000000000000,0.0000000000000000,1.0000000000000000
-0.1604609389482047,0.4091532940807365,-0.8982459958244974,-86.8391342163085938,-0.9857535897412137,-0.1129143924432204,0.1246603396894497,276.6946411132812500,-0.0504197122579167,0.9054523300108409,0.4214426778267338,-36.9273376464843750,0.0000000000000000,0.0000000000000000,0.0000000000000000,1.0000000000000000
-0.1599770467609117,0.4141113101482533,-0.8960575691979584,-87.3837585449218750,-0.9861591736166758,-0.1071042625845646,0.1265652449446199,276.3273315429687500,-0.0435594857790137,0.9039029260620377,0.4255138910249042,-36.3541641235351563,0.0000000000000000,0.0000000000000000,0.0000000000000000,1.0000000000000000
-0.1581269421043132,0.4195678856661540,-0.8938448744040390,-88.1243591308593750,-0.9868645541304145,-0.0974783963796528,0.1288266821750434,275.4721069335937500,-0.0330790263115093,0.9024747927542820,0.4294706351561164,-36.0019226074218750,0.0000000000000000,0.0000000000000000,0.0000000000000000,1.0000000000000000
-0.1552192470463906,0.4260852469313924,-0.8912678316273769,-89.0054626464843750,-0.9876639150297953,-0.0858046855640783,0.1309868195020676,274.2846374511718750,-0.0206634047138687,0.9006047514213237,0.4341475618070045,-35.5310668945312500,0.0000000000000000,0.0000000000000000,0.0000000000000000,1.0000000000000000
-0.1515740477658586,0.4342326419817614,-0.8879568236583425,-89.9716033935546875,-0.9884135225643211,-0.0738572102609166,0.1326040003335679,272.9205627441406250,-0.0080010284253543,0.8977678570376723,0.4403962515895458,-34.6020317077636719,0.0000000000000000,0.0000000000000000,0.0000000000000000,1.0000000000000000
-0.1475264180389319,0.4445994431613529,-0.8834971936125307,-90.9673080444335938,-0.9890528811244391,-0.0634092530793497,0.1332428795972444,271.5355529785156250,0.0032178129294779,0.8934822895640038,0.4490869001823778,-32.8752517700195313,0.0000000000000000,0.0000000000000000,0.0000000000000000,1.0000000000000000
-0.1434229716238661,0.4577936910390800,-0.8774136924252980,-91.9371261596679688,-0.9895969314749072,-0.0562137468637239,0.1324308418722367,270.2851867675781250,0.0113032927073430,0.8872795225341090,0.4610935745221523,-30.0111827850341797,0.0000000000000000,0.0000000000000000,0.0000000000000000,1.0000000000000000
-0.1389876003243712,0.4747760820030658,-0.8690627819173313,-93.0949249267578125,-0.9901688631088383,-0.0526687512304391,0.1295825033466208,269.0664672851562500,0.0157502217706205,0.8785292679254597,0.4774287966938442,-25.6675930023193359,0.0000000000000000,0.0000000000000000,0.0000000000000000,1.0000000000000000
-0.1337813888201769,0.4953628876540722,-0.8583228702186395,-94.5422058105468750,-0.9908490825227474,-0.0512110596484873,0.1248820364724610,267.7030334472656250,0.0179063024986920,0.8671753207424079,0.4976809494305837,-19.9940891265869141,0.0000000000000000,0.0000000000000000,0.0000000000000000,1.0000000000000000
-0.1279086861222444,0.5184515955332465,-0.8454864346064415,-96.0549087524414063,-0.9916065718754873,-0.0506387834266188,0.1189626841762426,266.2403869628906250,0.0188619889679110,0.8536062656178802,0.5205771495850269,-13.3888301849365234,0.0000000000000000,0.0000000000000000,0.0000000000000000,1.0000000000000000
-0.1214722389922366,0.5429498766044796,-0.8309331661748697,-97.4089660644531250,-0.9923991672859832,-0.0498113634083582,0.1125287556382273,264.7242126464843750,0.0197075600798370,0.8382865020806318,0.5448737032607820,-6.2499861717224121,0.0000000000000000,0.0000000000000000,0.0000000000000000,1.0000000000000000
-0.1145754911123955,0.5677896532859924,-0.8151609451253945,-98.3803100585937500,-0.9931811407535552,-0.0476841349312335,0.1063834805189549,263.2000732421875000,0.0215331950211833,0.8217914169040907,0.5693814087366633,1.0242719650268555,0.0000000000000000,0.0000000000000000,0.0000000000000000,1.0000000000000000
-0.1073217313974911,0.5919414730324173,-0.7988036920758798,-98.7448730468750000,-0.9938990991442546,-0.0433269791472258,0.1014265921650474,261.7135009765625000,0.0254288554615377,0.8048155474282216,0.5929800232113459,8.0357837677001953,0.0000000000000000,0.0000000000000000,0.0000000000000000,1.0000000000000000
-0.0997389552888967,0.6140968431777227,-0.7829030642404171,-98.9132232666015625,-0.9945069563962839,-0.0364181412486787,0.0981306917706729,260.2424621582031250,0.0317498736576854,0.7883899962500455,0.6143558898029499,14.5020141601562500,0.0000000000000000,0.0000000000000000,0.0000000000000000,1.0000000000000000
-0.0918163808464628,0.6343564773349029,-0.7675686365866639,-99.2798690795898438,-0.9949844685312703,-0.0277175416956154,0.0961126696325601,258.7437744140625000,0.0396945788465266,0.7725435894146070,0.6337197668248893,20.5883159637451172,0.0000000000000000,0.0000000000000000,0.0000000000000000,1.0000000000000000
-0.0835990921667623,0.6537905836818033,-0.7520432597117668,-99.5966567993164063,-0.9953128065519419,-0.0179636009047632,0.0950248712507999,257.2313537597656250,0.0486169610587694,0.7564622804420198,0.6522278814692524,26.5683498382568359,0.0000000000000000,0.0000000000000000,0.0000000000000000,1.0000000000000000
-0.0751342773339162,0.6734024762808762,-0.7354481255046436,-99.6154632568359375,-0.9954927146312038,-0.0078504860977633,0.0945125652187316,255.7190399169921875,0.0578713701730514,0.7392343842157321,0.6709570997518998,32.7157745361328125,0.0000000000000000,0.0000000000000000,0.0000000000000000,1.0000000000000000
-0.0664700086050269,0.6941197034443797,-0.7167841901481464,-99.0881500244140625,-0.9955489680507863,0.0019664810175010,0.0942251832867562,254.2207794189453125,0.0668130987835666,0.7198569095609864,0.6908994424576151,39.3042602539062500,0.0000000000000000,0.0000000000000000,0.0000000000000000,1.0000000000000000
-0.0576554890886610,0.7167710306464350,-0.6949209553639856,-97.7665710449218750,-0.9955304964167894,0.0108743918824173,0.0938124634860875,252.7504730224609375,0.0747988989363358,0.6972238071288407,0.7129404515740967,46.6074523925781250,0.0000000000000000,0.0000000000000000,0.0000000000000000,1.0000000000000000
-0.0487384060137150,0.7420451417816828,-0.6685757812974117,-95.4025878906250000,-0.9955065093920518,0.0183197114373276,0.0929041330130481,251.3219757080078125,0.0811871759411261,0.6700995416585921,0.7378178953723264,54.8990135192871094,0.0000000000000000,0.0000000000000000,0.0000000000000000,1.0000000000000000
-0.0397644613096292,0.7704278529104243,-0.6362858721334215,-91.7480773925781250,-0.9955582845868733,0.0238371661320585,0.0910795888288629,249.9492645263671875,0.0853375041069112,0.6370814021540940,0.7660579595710604,64.4526138305664063,0.0000000000000000,0.0000000000000000,0.0000000000000000,1.0000000000000000
-0.0307775068290250,0.8023880541883507,-0.5960085197119434,-86.6933746337890625,-0.9957362129948538,0.0272648546724406,0.0881250352077003,248.5798187255859375,0.0869605611990692,0.5961795352035520,0.7981276981789440,75.6623458862304688,0.0000000000000000,0.0000000000000000,0.0000000000000000,1.0000000000000000
-0.0217620481694191,0.8365288142790888,-0.5474905991341713,-80.4571456909179688,-0.9960087894542754,0.0292735847980161,0.0843181389909829,247.1729888916015625,0.0865615653122172,0.5471403842834993,0.8325529984912693,88.4321517944335938,0.0000000000000000,0.0000000000000000,0.0000000000000000,1.0000000000000000
-0.0126745447248329,0.8704709943401963,-0.4920565048126161,-73.2836914062500000,-0.9963265956876330,0.0306856968881990,0.0799481252561773,245.7603302001953125,0.0846916208459259,0.4912622884151352,0.8668844751981746,102.3003616333007813,0.0000000000000000,0.0000000000000000,0.0000000000000000,1.0000000000000000
-0.0034725011679914,0.9021475710482266,-0.4314136087183891,-65.4173126220703125,-0.9966343803526729,0.0322116396565829,0.0753811791475734,244.3733978271484375,0.0819014873777174,0.4302233958333966,0.8989994305019876,116.8053665161132813,0.0000000000000000,0.0000000000000000,0.0000000000000000,1.0000000000000000
0.0058846667425447,0.9299450522787728,-0.3676514251836374,-57.1023254394531250,-0.9968776501870823,0.0344061735400805,0.0710715539425673,243.0437774658203125,0.0787421186837805,0.3660852564151696,0.9272439073839358,131.4855346679687500,0.0000000000000000,0.0000000000000000,0.0000000000000000,1.0000000000000000
0.0154353109669838,0.9528068974157010,-0.3031843785758409,-48.5830307006835938,-0.9970062298447683,0.0376425616981320,0.0675397305259902,241.8030395507812500,0.0757649577712121,0.3012342174884331,0.9505354372079233,145.8791961669921875,0.0000000000000000,0.0000000000000000,0.0000000000000000,1.0000000000000000
0.0252165203672659,0.9702830569251393,-0.2406551818361160,-40.1037368774414063,-0.9969747463008420,0.0421133686113129,0.0653285498276173,240.6827392578125000,0.0735219854121137,0.2382797801497527,0.9684096571352676,159.5247497558593750,0.0000000000000000,0.0000000000000000,0.0000000000000000,1.0000000000000000
0.0352637982577944,0.9825132485766291,-0.1828228128648961,-31.9087619781494141,-0.9967400486519430,0.0478603308886556,0.0649512443341207,239.7144470214843750,0.0725654183875200,0.1799363918128504,0.9809980402404567,171.9605865478515625,0.0000000000000000,0.0000000000000000,0.0000000000000000,1.0000000000000000
0.0456102982324696,0.9901384905966303,-0.1324593150147314,-24.2424011230468750,-0.9962555838059036,0.0548342687439051,0.0668432098786342,238.9297485351562500,0.0734473446130161,0.1289145934731513,0.9889320073488111,182.7249908447265625,0.0000000000000000,0.0000000000000000,0.0000000000000000,1.0000000000000000
0.0564744022080181,0.9944314827394723,-0.0889756597717686,-16.8529548645019531,-0.9954731718075102,0.0629080592642354,0.0712442298793575,238.4086456298828125,0.0764447912335582,0.0845494069534611,0.9934825573089220,191.8488769531250000,0.0000000000000000,0.0000000000000000,0.0000000000000000,1.0000000000000000
0.0679227810412804,0.9964456357831601,-0.0498256033010357,-9.3702640533447266,-0.9943853544228839,0.0716750473753991,0.0778489209495530,238.1596069335937500,0.0811434700077199,0.0442581349858779,0.9957193152503762,199.8092498779296875,0.0000000000000000,0.0000000000000000,0.0000000000000000,1.0000000000000000
0.0797595323673148,0.9967049738761145,-0.0147516794691744,-1.8609533309936523,-0.9930052049017561,0.0807385346409576,0.0861507519529117,238.1068115234375000,0.0870579119584688,0.0077771508050758,0.9961728945774356,206.8138275146484375,0.0000000000000000,0.0000000000000000,0.0000000000000000,1.0000000000000000
0.0917915641342578,0.9956403834317826,0.0165691168623750,5.6083526611328125,-0.9913597110816746,0.0898058422409163,0.0956077085985138,238.1744537353515625,0.0937028921530447,-0.0252019360211125,0.9952811815878679,213.0703125000000000,0.0000000000000000,0.0000000000000000,0.0000000000000000,1.0000000000000000
0.1038277544122389,0.9935985582937652,0.0445163157759361,12.9710369110107422,-0.9894951516979617,0.0986649505482304,0.1056625397174563,238.2867431640625000,0.1005939470343002,-0.0550193828561018,0.9934051164203828,218.7863464355468750,0.0000000000000000,0.0000000000000000,0.0000000000000000,1.0000000000000000
0.1156820619942880,0.9908506281454732,0.0695175750186286,20.1604709625244141,-0.9874794053487730,0.1071670281431115,0.1157568662801801,238.3678436279296875,0.1072477717474058,-0.0820381666219724,0.9908418918639450,224.1696624755859375,0.0000000000000000,0.0000000000000000,0.0000000000000000,1.0000000000000000
0.1271735519188422,0.9876007835468110,0.0920411865963840,27.1100330352783203,-0.9854017682679446,0.1152090617318086,0.1253404451455485,238.3419952392578125,0.1131823430873980,-0.1066375376338048,0.9878351040435066,229.4279174804687500,0.0000000000000000,0.0000000000000000,0.0000000000000000,1.0000000000000000
0.1381277781322331,0.9839942166223249,0.1125881812717041,33.7531013488769531,-0.9833698700324063,0.1227220074570172,0.1338768374221933,238.1333465576171875,0.1179169861415273,-0.1292079352808384,0.9845815831304999,234.7688140869140625,0.0000000000000000,0.0000000000000000,0.0000000000000000,1.0000000000000000
0.1483749097479942,0.9801244954166268,0.1316846978261988,40.0230560302734375,-0.9815043025954352,0.1296604781889519,0.1408455337682424,237.6661071777343750,0.1209718568259715,-0.1501470408636649,0.9812347710797664,240.4000549316406250,0.0000000000000000,0.0000000000000000,0.0000000000000000,1.0000000000000000
0.1581548216345239,0.9763749118644622,0.1472381875581727,45.6811332702636719,-0.9798238258075165,0.1367306696578864,0.1457737780083499,236.8578948974609375,0.1221978836710099,-0.1673223100981147,0.9783000162372260,246.0517272949218750,0.0000000000000000,0.0000000000000000,0.0000000000000000,1.0000000000000000
0.1677339441195823,0.9731279417412412,0.1577571963256964,50.6765975952148438,-0.9782565056831197,0.1444994262939601,0.1487754176245818,235.7446899414062500,0.1219816915718961,-0.1792816912101508,0.9762061985656958,251.3810577392578125,0.0000000000000000,0.0000000000000000,0.0000000000000000,1.0000000000000000
