-0.1371185583502124,0.5327567330167043,-0.8350860820186908,-148.8415985107421900,-0.9816264939315044,-0.1860176819411005,0.0425070396170077,240.6884613037109400,-0.1326948656418239,0.8255711268150235,0.5484746003250021,46.5850105285644530,0.0000000000000000,0.0000000000000000,0.0000000000000000,1.0000000000000000
-0.1371185583502124,0.5327567330167043,-0.8350860820186908,-148.8415985107421900,-0.9816264939315044,-0.1860176819411005,0.0425070396170077,240.6884613037109400,-0.1326948656418239,0.8255711268150235,0.5484746003250021,46.5850105285644530,0.0000000000000000,0.0000000000000000,0.0000000000000000,1.0000000000000000
-0.1371185583502124,0.5327567330167043,-0.8350860820186908,-148.8415985107421900,-0.9816264939315044,-0.1860176819411005,0.0425070396170077,240.6884613037109400,-0.1326948656418239,0.8255711268150235,0.5484746003250021,46.5850105285644530,0.0000000000000000,0.0000000000000000,0.0000000000000000,1.0000000000000000
-0.1371185583502124,0.5327567330167043,-0.8350860820186908,-148.8415985107421900,-0.9816264939315044,-0.1860176819411005,0.0425070396170077,240.6884613037109400,-0.1326948656418239,0.8255711268150235,0.5484746003250021,46.5850105285644530,0.0000000000000000,0.0000000000000000,0.0000000000000000,1.0000000000000000
-0.1371185583502124,0.5327567330167043,-0.8350860820186908,-148.8415985107421900,-0.9816264939315044,-0.1860176819411005,0.0425070396170077,240.6884613037109400,-0.1326948656418239,0.8255711268150235,0.5484746003250021,46.5850105285644530,0.0000000000000000,0.0000000000000000,0.0000000000000000,1.0000000000000000
-0.1371185583502124,0.5327567330167043,-0.8350860820186908,-148.8415985107421900,-0.9816264939315044,-0.1860176819411005,0.0425070396170077,240.6884613037109400,-0.1326948656418239,0.8255711268150235,0.5484746003250021,46.5850105285644530,0.0000000000000000,0.0000000000000000,0.0000000000000000,1.0000000000000000
-0.1371185583502124,0.5327567330167043,-0.8350860820186908,-148.8415985107421900,-0.9816264939315044,-0.1860176819411005,0.0425070396170077,240.6884613037109400,-0.1326948656418239,0.8255711268150235,0.5484746003250021,46.5850105285644530,0.0000000000000000,0.0000000000000000,0.0000000000000000,1.0000000000000000
-0.1371185583502124,0.5327567330167043,-0.8350860820186908,-148.8415985107421900,-0.9816264939315044,-0.1860176819411005,0.0425070396170077,240.6884613037109400,-0.1326948656418239,0.8255711268150235,0.5484746003250021,46.5850105285644530,0.0000000000000000,0.0000000000000000,0.0000000000000000,1.0000000000000000
-0.1371185583502124,0.5327567330167043,-0.8350860820186908,-148.8415985107421900,-0.9816264939315044,-0.1860176819411005,0.0425070396170077,240.6884613037109400,-0.1326948656418239,0.8255711268150235,0.5484746003250021,46.5850105285644530,0.0000000000000000,0.0000000000000000,0.0000000000000000,1.0000000000000000
-0.1371185583502124,0.5327567330167043,-0.8350860820186908,-148.8415985107421900,-0.9816264939315044,-0.1860176819411005,0.0425070396170077,240.6884613037109400,-0.1326948656418239,0.8255711268150235,0.5484746003250021,46.5850105285644530,0.0000000000000000,0.0000000000000000,0.0000000000000000,1.0000000000000000
-0.1371185583502124,0.5327567330167043,-0.8350860820186908,-148.8415985107421900,-0.9816264939315044,-0.1860176819411005,0.0425070396170077,240.6884613037109400,-0.1326948656418239,0.8255711268150235,0.5484746003250021,46.5850105285644530,0.0000000000000000,0.0000000000000000,0.0000000000000000,1.0000000000000000
-0.1371185583502124,0.5327567330167043,-0.8350860820186908,-148.8415985107421900,-0.9816264939315044,-0.1860176819411005,0.0425070396170077,240.6884613037109400,-0.1326948656418239,0.8255711268150235,0.5484746003250021,46.5850105285644530,0.0000000000000000,0.0000000000000000,0.0000000000000000,1.0000000000000000
-0.1371185583502124,0.5327567330167043,-0.8350860820186908,-148.8415985107421900,-0.9816264939315044,-0.1860176819411005,0.0425070396170077,240.6884613037109400,-0.1326948656418239,0.8255711268150235,0.5484746003250021,46.5850105285644530,0.0000000000000000,0.0000000000000000,0.0000000000000000,1.0000000000000000
-0.1371185583502124,0.5327567330167043,-0.8350860820186908,-148.8415985107421900,-0.9816264939315044,-0.1860176819411005,0.0425070396170077,240.6884613037109400,-0.1326948656418239,0.8255711268150235,0.5484746003250021,46.5850105285644530,0.0000000000000000,0.0000000000000000,0.0000000000000000,1.0000000000000000
-0.1371185583502124,0.5327567330167043,-0.8350860820186908,-148.8415985107421900,-0.9816264939315044,-0.1860176819411005,0.0425070396170077,240.6884613037109400,-0.1326948656418239,0.8255711268150235,0.5484746003250021,46.5850105285644530,0.0000000000000000,0.0000000000000000,0.0000000000000000,1.0000000000000000
-0.1371185583502124,0.5327567330167043,-0.8350860820186908,-148.8415985107421900,-0.9816264939315044,-0.1860176819411005,0.0425070396170077,240.6884613037109400,-0.1326948656418239,0.8255711268150235,0.5484746003250021,46.5850105285644530,0.0000000000000000,0.0000000000000000,0.0000000000000000,1.0000000000000000
-0.1371185583502124,0.5327567330167043,-0.8350860820186908,-148.8415985107421900,-0.9816264939315044,-0.1860176819411005,0.0425070396170077,240.6884613037109400,-0.1326948656418239,0.8255711268150235,0.5484746003250021,46.5850105285644530,0.0000000000000000,0.0000000000000000,0.0000000000000000,1.0000000000000000
-0.1371185583502124,0.5327567330167043,-0.8350860820186908,-148.8415985107421900,-0.9816264939315044,-0.1860176819411005,0.0425070396170077,240.6884613037109400,-0.1326948656418239,0.8255711268150235,0.5484746003250021,46.5850105285644530,0.0000000000000000,0.0000000000000000,0.0000000000000000,1.0000000000000000
-0.1371185583502124,0.5327567330167043,-0.8350860820186908,-148.8415985107421900,-0.9816264939315044,-0.1860176819411005,0.0425070396170077,240.6884613037109400,-0.1326948656418239,0.8255711268150235,0.5484746003250021,46.5850105285644530,0.0000000000000000,0.0000000000000000,0.0000000000000000,1.0000000000000000
-0.1371185583502124,0.5327567330167043,-0.8350860820186908,-148.8415985107421900,-0.9816264939315044,-0.1860176819411005,0.0425070396170077,240.6884613037109400,-0.1326948656418239,0.8255711268150235,0.5484746003250021,46.5850105285644530,0.0000000000000000,0.0000000000000000,0.0000000000000000,1.0000000000000000
-0.1371185583502124,0.5327567330167043,-0.8350860820186908,-148.8415985107421900,-0.9816264939315044,-0.1860176819411005,0.0425070396170077,240.6884613037109400,-0.1326948656418239,0.8255711268150235,0.5484746003250021,46.5850105285644530,0.0000000000000000,0.0000000000000000,0.0000000000000000,1.0000000000000000
-0.1371185583502124,0.5327567330167043,-0.8350860820186908,-148.8415985107421900,-0.9816264939315044,-0.1860176819411005,0.0425070396170077,240.6884613037109400,-0.1326948656418239,0.8255711268150235,0.5484746003250021,46.5850105285644530,0.0000000000000000,0.0000000000000000,0.0000000000000000,1.0000000000000000
-0.1371185583502124,0.5327567330167043,-0.8350860820186908,-148.8415985107421900,-0.9816264939315044,-0.1860176819411005,0.0425070396170077,240.6884613037109400,-0.1326948656418239,0.8255711268150235,0.5484746003250021,46.5850105285644530,0.0000000000000000,0.0000000000000000,0.0000000000000000,1.0000000000000000
-0.1371185583502124,0.5327567330167043,-0.8350860820186908,-148.8415985107421900,-0.9816264939315044,-0.1860176819411005,0.0425070396170077,240.6884613037109400,-0.1326948656418239,0.8255711268150235,0.5484746003250021,46.5850105285644530,0.0000000000000000,0.0000000000000000,0.0000000000000000,1.0000000000000000
-0.1371185583502124,0.5327567330167043,-0.8350860820186908,-148.8415985107421900,-0.9816264939315044,-0.1860176819411005,0.0425070396170077,240.6884613037109400,-0.1326948656418239,0.8255711268150235,0.5484746003250021,46.5850105285644530,0.0000000000000000,0.0000000000000000,0.0000000000000000,1.0000000000000000
-0.1371185583502124,0.5327567330167043,-0.8350860820186908,-148.8415985107421900,-0.9816264939315044,-0.1860176819411005,0.0425070396170077,240.6884613037109400,-0.1326948656418239,0.8255711268150235,0.5484746003250021,46.5850105285644530,0.0000000000000000,0.0000000000000000,0.0000000000000000,1.0000000000000000
-0.1371185583502124,0.5327567330167043,-0.8350860820186908,-148.8415985107421900,-0.9816264939315044,-0.1860176819411005,0.0425070396170077,240.6884613037109400,-0.1326948656418239,0.8255711268150235,0.5484746003250021,46.5850105285644530,0.0000000000000000,0.0000000000000000,0.0000000000000000,1.0000000000000000
-0.1371185583502124,0.5327567330167043,-0.8350860820186908,-148.8415985107421900,-0.9816264939315044,-0.1860176819411005,0.0425070396170077,240.6884613037109400,-0.1326948656418239,0.8255711268150235,0.5484746003250021,46.5850105285644530,0.0000000000000000,0.0000000000000000,0.0000000000000000,1.0000000000000000
-0.1371185583502124,0.5327567330167043,-0.8350860820186908,-148.8415985107421900,-0.9816264939315044,-0.1860176819411005,0.0425070396170077,240.6884613037109400,-0.1326948656418239,0.8255711268150235,0.5484746003250021,46.5850105285644530,0.0000000000000000,0.0000000000000000,0.0000000000000000,1.0000000000000000
-0.1371185583502124,0.5327567330167043,-0.8350860820186908,-148.8415985107421900,-0.9816264939315044,-0.1860176819411005,0.0425070396170077,240.6884613037109400,-0.1326948656418239,0.8255711268150235,0.5484746003250021,46.5850105285644530,0.0000000000000000,0.0000000000000000,0.0000000000000000,1.0000000000000000
-0.1371185583502124,0.5327567330167043,-0.8350860820186908,-148.8415985107421900,-0.9816264939315044,-0.1860176819411005,0.0425070396170077,240.6884613037109400,-0.1326948656418239,0.8255711268150235,0.5484746003250021,46.5850105285644530,0.0000000000000000,0.0000000000000000,0.0000000000000000,1.0000000000000000
-0.1371185583502124,0.5327567330167043,-0.8350860820186908,-148.8415985107421900,-0.9816264939315044,-0.1860176819411005,0.0425070396170077,240.6884613037109400,-0.1326948656418239,0.8255711268150235,0.5484746003250021,46.5850105285644530,0.0000000000000000,0.0000000000000000,0.0000000000000000,1.0000000000000000
-0.1371185583502124,0.5327567330167043,-0.8350860820186908,-148.8415985107421900,-0.9816264939315044,-0.1860176819411005,0.0425070396170077,240.6884613037109400,-0.1326948656418239,0.8255711268150235,0.5484746003250021,46.5850105285644530,0.0000000000000000,0.0000000000000000,0.0000000000000000,1.0000000000000000
-0.1371185583502124,0.5327567330167043,-0.8350860820186908,-148.8415985107421900,-0.9816264939315044,-0.1860176819411005,0.0425070396170077,240.6884613037109400,-0.1326948656418239,0.8255711268150235,0.5484746003250021,46.5850105285644530,0.0000000000000000,0.0000000000000000,0.0000000000000000,1.0000000000000000
-0.1371185583502124,0.5327567330167043,-0.8350860820186908,-148.8415985107421900,-0.9816264939315044,-0.1860176819411005,0.0425070396170077,240.6884613037109400,-0.1326948656418239,0.8255711268150235,0.5484746003250021,46.5850105285644530,0.0000000000000000,0.0000000000000000,0.0000000000000000,1.0000000000000000
-0.1371185583502124,0.5327567330167043,-0.8350860820186908,-148.8415985107421900,-0.9816264939315044,-0.1860176819411005,0.0425070396170077,240.6884613037109400,-0.1326948656418239,0.8255711268150235,0.5484746003250021,46.5850105285644530,0.0000000000000000,0.0000000000000000,0.0000000000000000,1.0000000000000000
-0.1371185583502124,0.5327567330167043,-0.8350860820186908,-148.8415985107421900,-0.9816264939315044,-0.1860176819411005,0.0425070396170077,240.6884613037109400,-0.1326948656418239,0.8255711268150235,0.5484746003250021,46.5850105285644530,0.0000000000000000,0.0000000000000000,0.0000000000000000,1.0000000000000000
-0.1371185583502124,0.5327567330167043,-0.8350860820186908,-148.8415985107421900,-0.9816264939315044,-0.1860176819411005,0.0425070396170077,240.6884613037109400,-0.1326948656418239,0.8255711268150235,0.5484746003250021,46.5850105285644530,0.0000000000000000,0.0000000000000000,0.0000000000000000,1.0000000000000000
-0.1371185583502124,0.5327567330167043,-0.8350860820186908,-148.8415985107421900,-0.9816264939315044,-0.1860176819411005,0.0425070396170077,240.6884613037109400,-0.1326948656418239,0.8255711268150235,0.5484746003250021,46.5850105285644530,0.0000000000000000,0.0000000000000000,0.0000000000000000,1.0000000000000000
-0.1371185583502124,0.5327567330167043,-0.8350860820186908,-148.8415985107421900,-0.9816264939315044,-0.1860176819411005,0.0425070396170077,240.6884613037109400,-0.1326948656418239,0.8255711268150235,0.5484746003250021,46.5850105285644530,0.0000000000000000,0.0000000000000000,0.0000000000000000,1.0000000000000000
-0.1371185583502124,0.5327567330167043,-0.8350860820186908,-148.8415985107421900,-0.9816264939315044,-0.1860176819411005,0.0425070396170077,240.6884613037109400,-0.1326948656418239,0.8255711268150235,0.5484746003250021,46.5850105285644530,0.0000000000000000,0.0000000000000000,0.0000000000000000,1.0000000000000000
-0.1371185583502124,0.5327567330167043,-0.8350860820186908,-148.8415985107421900,-0.9816264939315044,-0.1860176819411005,0.0425070396170077,240.6884613037109400,-0.1326948656418239,0.8255711268150235,0.5484746003250021,46.5850105285644530,0.0000000000000000,0.0000000000000000,0.0000000000000000,1.0000000000000000
-0.1371185583502124,0.5327567330167043,-0.8350860820186908,-148.8415985107421900,-0.9816264939315044,-0.1860176819411005,0.0425070396170077,240.6884613037109400,-0.1326948656418239,0.8255711268150235,0.5484746003250021,46.5850105285644530,0.0000000000000000,0.0000000000000000,0.0000000000000000,1.0000000000000000
-0.1371185583502124,0.5327567330167043,-0.8350860820186908,-148.8415985107421900,-0.9816264939315044,-0.1860176819411005,0.0425070396170077,240.6884613037109400,-0.1326948656418239,0.8255711268150235,0.5484746003250021,46.5850105285644530,0.0000000000000000,0.0000000000000000,0.0000000000000000,1.0000000000000000
-0.1371185583502124,0.5327567330167043,-0.8350860820186908,-148.8415985107421900,-0.9816264939315044,-0.1860176819411005,0.0425070396170077,240.6884613037109400,-0.1326948656418239,0.8255711268150235,0.5484746003250021,46.5850105285644530,0.0000000000000000,0.0000000000000000,0.0000000000000000,1.0000000000000000
-0.1022209074428111,0.5364901445752544,-0.8376927902609590,-146.6336669921875000,-0.9836597242660699,-0.1799744165300685,0.0047703512932404,240.2499389648437500,-0.1482040247036759,0.8244922887257856,0.5461208958585527,46.0531959533691410,0.0000000000000000,0.0000000000000000,0.0000000000000000,1.0000000000000000
-0.0669648754224474,0.5402536385782990,-0.8388335421658846,-145.9105529785156300,-0.9841510343300634,-0.1741239858372623,-0.0335794458443119,238.9947357177734400,-0.1642024576147455,0.8232902547455873,0.5433513682270653,45.3352088928222660,0.0000000000000000,0.0000000000000000,0.0000000000000000,1.0000000000000000
-0.0305343713015067,0.5436137537408391,-0.8387799108902263,-145.4812774658203100,-0.9828309828195979,-0.1690993569123918,-0.0738150845131194,237.5095977783203100,-0.1819640386974447,0.8221249869914002,0.5394437824141685,44.6623611450195310,0.0000000000000000,0.0000000000000000,0.0000000000000000,1.0000000000000000
0.0025692585321675,0.5488985475247906,-0.8358850300344960,-144.9118041992187500,-0.9807736305925050,-0.1617258093951584,-0.1092146881599624,236.2821197509765600,-0.1951319667430014,0.8200945964342505,0.5379297058671811,43.7904205322265630,0.0000000000000000,0.0000000000000000,0.0000000000000000,1.0000000000000000
0.0280514632338390,0.5578413804776450,-0.8294733929652211,-143.7681121826171900,-0.9799200385277548,-0.1485273285503270,-0.1330276315863228,235.7999114990234400,-0.1974077848064857,0.8165492189087555,0.5424735381539800,42.4751434326171880,0.0000000000000000,0.0000000000000000,0.0000000000000000,1.0000000000000000
0.0389393062189586,0.5733820764471604,-0.8183622210490470,-141.2484283447265600,-0.9832980681767186,-0.1237285471346836,-0.1334771731191294,236.9376525878906300,-0.1777881873216549,0.8098914995436632,0.5589875843127441,39.9149360656738280,0.0000000000000000,0.0000000000000000,0.0000000000000000,1.0000000000000000
0.0391295986989577,0.5935997288517283,-0.8038085819477255,-137.9651184082031200,-0.9890359879699651,-0.0916269570960150,-0.1158115505189385,239.1113739013671900,-0.1423962394374731,0.7995272744819152,0.5835061682223987,36.7113151550292970,0.0000000000000000,0.0000000000000000,0.0000000000000000,1.0000000000000000
0.0408628450622755,0.6124710555691727,-0.7894361494024706,-135.6053619384765600,-0.9929927731209047,-0.0627898804027406,-0.1001138524314454,240.6206512451171900,-0.1108854382823649,0.7879953280375417,0.6056135587715444,34.7247009277343750,0.0000000000000000,0.0000000000000000,0.0000000000000000,1.0000000000000000
0.0480025463640541,0.6281243694235171,-0.7766308853495824,-134.4314270019531200,-0.9949334715098641,-0.0386943554250623,-0.0927908084217900,241.1070251464843700,-0.0883353995400328,0.7771502579260644,0.6230845318201653,34.1606254577636720,0.0000000000000000,0.0000000000000000,0.0000000000000000,1.0000000000000000
0.0558748817586729,0.6430775162224458,-0.7637599791280141,-133.5295715332031200,-0.9962189412161090,-0.0150615307365720,-0.0855626755900363,241.3875427246093700,-0.0665268273007876,0.7656529621316967,0.6398044410819995,33.9295883178710940,0.0000000000000000,0.0000000000000000,0.0000000000000000,1.0000000000000000
0.0641439399838310,0.6572953401215776,-0.7508983891431718,-132.8229675292968700,-0.9969053189445315,0.0079383610212843,-0.0782097659144793,241.5250701904296900,-0.0454460121842673,0.7535912806546764,0.6557704184375749,33.9494590759277340,0.0000000000000000,0.0000000000000000,0.0000000000000000,1.0000000000000000
0.0724728384737983,0.6707757899699477,-0.7381107825209871,-132.2347564697265600,-0.9970550835286425,0.0301185675273951,-0.0705268197198014,241.5824737548828100,-0.0250768437655611,0.7410483867334783,0.6709831893769523,34.1381111145019530,0.0000000000000000,0.0000000000000000,0.0000000000000000,1.0000000000000000
0.0805250289144918,0.6835468170919402,-0.7254512172171180,-131.6881103515625000,-0.9967379530638745,0.0512772863222742,-0.0623224905588736,241.6226043701171900,-0.0054011702766761,0.7281032816509627,0.6854461602553049,34.4134140014648440,0.0000000000000000,0.0000000000000000,0.0000000000000000,1.0000000000000000
0.0879657694188883,0.6956636991565552,-0.7129614583456533,-131.1061859130859400,-0.9960306407115321,0.0711995918896593,-0.0534189187322330,241.7083587646484400,0.0136009622570583,0.7148304944464552,0.6991654868735429,34.6932411193847660,0.0000000000000000,0.0000000000000000,0.0000000000000000,1.0000000000000000
0.0944636118907542,0.7072049212062095,-0.7006695551044532,-130.4121246337890600,-0.9950154556966232,0.0896593226756316,-0.0436514465073997,241.9026031494140600,0.0319510399422987,0.7013005099663527,0.7121493704045095,34.8954658508300780,0.0000000000000000,0.0000000000000000,0.0000000000000000,1.0000000000000000
0.1009283042544222,0.7183471032170234,-0.6883247174844428,-129.6950225830078100,-0.9936187995382987,0.1077943539728682,-0.0331972657856375,242.1044006347656200,0.0503503585329542,0.6872829232210582,0.7246426877049957,34.9923210144042970,0.0000000000000000,0.0000000000000000,0.0000000000000000,1.0000000000000000
0.1074577862064937,0.7290149469200556,-0.6760103781383449,-129.0270690917968700,-0.9918514485401005,0.1254117946689657,-0.0224184251635509,242.2627105712890600,0.0684363077065387,0.6729109071229695,0.7365510049293521,35.0812492370605470,0.0000000000000000,0.0000000000000000,0.0000000000000000,1.0000000000000000
0.1125240992130764,0.7390467290594107,-0.6641899271766109,-128.3061065673828100,-0.9900374943732709,0.1403265004393906,-0.0115858970101360,242.5152587890625000,0.0846409288192273,0.6588766239145382,0.7474740849204065,35.2679290771484370,0.0000000000000000,0.0000000000000000,0.0000000000000000,1.0000000000000000
0.1146252932132599,0.7484075922048469,-0.6532588446289247,-127.4299697875976600,-0.9886218574967685,0.1504177995697796,-0.0011438759658266,242.9997406005859400,0.0974056725012141,0.6459570895212228,0.7571337883504191,35.6580352783203120,0.0000000000000000,0.0000000000000000,0.0000000000000000,1.0000000000000000
0.1122737344430970,0.7571052595918939,-0.6435730218494962,-126.2964782714843700,-0.9880949870834996,0.1536187295691730,0.0083416081190752,243.8538818359375000,0.1051803453819195,0.6349747332168770,0.7653392601464372,36.3572540283203130,0.0000000000000000,0.0000000000000000,0.0000000000000000,1.0000000000000000
0.1061206834557740,0.7654473926446160,-0.6346878678818736,-124.9307479858398400,-0.9883788827401595,0.1510648432758862,0.0169291842492795,245.0548248291015600,0.1088374232338928,0.6255155491429378,0.7725831431530302,37.3218612670898440,0.0000000000000000,0.0000000000000000,0.0000000000000000,1.0000000000000000
0.0980982362017882,0.7737007726476476,-0.6259104172791276,-123.4463882446289100,-0.9890168220121451,0.1456645190293396,0.0250514205774371,246.4517822265625000,0.1105552433451016,0.6165784315887030,0.7794925117462777,38.4173355102539060,0.0000000000000000,0.0000000000000000,0.0000000000000000,1.0000000000000000
0.0886341720246175,0.7817661709726960,-0.6172403401206048,-121.8739624023437500,-0.9898887487449347,0.1380306540315784,0.0326772651212184,247.9904937744140600,0.1107440682731956,0.6081029456188352,0.7860957695293861,39.6131629943847660,0.0000000000000000,0.0000000000000000,0.0000000000000000,1.0000000000000000
0.0781562530720946,0.7895508271657898,-0.6086880082830185,-120.2440414428710900,-0.9908746944277976,0.1287738099717460,0.0398076099254819,249.6167449951171900,0.1098132052548753,0.6000223305737695,0.7924104130843264,40.8788299560546870,0.0000000000000000,0.0000000000000000,0.0000000000000000,1.0000000000000000
0.0670951934242705,0.7969794549531106,-0.6002682595323549,-118.5871887207031200,-0.9918654856169419,0.1185039604495260,0.0464722476285086,251.2763061523437500,0.1081715926721427,0.5922673042980002,0.7984474602616957,42.1838150024414060,0.0000000000000000,0.0000000000000000,0.0000000000000000,1.0000000000000000
0.0558854026273539,0.8040014646997049,-0.5919953264460014,-116.9339675903320300,-0.9927700555906713,0.1078304842046846,0.0527276341084880,252.9149475097656300,0.1062282377509571,0.5847685280834737,0.8042147288301887,43.4976005554199220,0.0000000000000000,0.0000000000000000,0.0000000000000000,1.0000000000000000
0.0449653492956205,0.8105943944677632,-0.5838791356266837,-115.3149490356445300,-0.9935191723744492,0.0973618363575889,0.0586543003152162,254.4784393310546900,0.1043923919024386,0.5774577044931677,0.8097189809028619,44.7896766662597660,0.0000000000000000,0.0000000000000000,0.0000000000000000,1.0000000000000000
0.0347764872458036,0.8167633203748268,-0.5759238442929155,-113.7607040405273400,-0.9940656009015647,0.0877042393971340,0.0643548560404038,255.9125366210937500,0.1030736486161878,0.5702680465202819,0.8149663662255566,46.0295181274414060,0.0000000000000000,0.0000000000000000,0.0000000000000000,1.0000000000000000
0.0257626427837420,0.8225368785746948,-0.5681279518043405,-112.3017883300781200,-0.9943805842209417,0.0794607507606515,0.0699517177271046,257.1630249023437500,0.1026817411286749,0.5631332635115345,0.8199618207975493,47.1866149902343750,0.0000000000000000,0.0000000000000000,0.0000000000000000,1.0000000000000000
0.0183684138589861,0.8279595321933961,-0.5604869440249236,-110.9687728881835900,-0.9944466785225770,0.0732297287628093,0.0755857817366468,258.1756896972656200,0.1036262753731872,0.5559859889200609,0.8247067207055259,48.2304496765136720,0.0000000000000000,0.0000000000000000,0.0000000000000000,1.0000000000000000
0.0121014473657212,0.8330030592083256,-0.5531360215364983,-109.7286682128906200,-0.9943522327725347,0.0683552295086916,0.0811862043643454,259.0038757324218700,0.1054380963026640,0.5490295674627960,0.8291256490422218,49.1783065795898440,0.0000000000000000,0.0000000000000000,0.0000000000000000,1.0000000000000000
0.0061763887216912,0.8376564421266108,-0.5461625556426828,-108.5269012451171900,-0.9941975942873592,0.0637994781378379,0.0866069864535587,259.7419738769531200,0.1073917861644266,0.5424585804954398,0.8331900699788052,50.0733985900878910,0.0000000000000000,0.0000000000000000,0.0000000000000000,1.0000000000000000
0.0005973278693355,0.8419926126042483,-0.5394887241817838,-107.3616638183593700,-0.9939852752156169,0.0595805238797100,0.0918881593501251,260.3972473144531200,0.1095121721725544,0.5361889606231107,0.8369638478763329,50.9240875244140630,0.0000000000000000,0.0000000000000000,0.0000000000000000,1.0000000000000000
-0.0046315490336356,0.8460814360900845,-0.5330335376477632,-106.2311248779296900,-0.9937172291390394,0.0557131143871796,0.0970675919012675,260.9769592285156200,0.1118240460088035,0.5301341833809827,0.8405076622763171,51.7387390136718750,0.0000000000000000,0.0000000000000000,0.0000000000000000,1.0000000000000000
-0.0095059567728802,0.8499895120380350,-0.5267138371176282,-105.1334991455078100,-0.9933947990176917,0.0522089741715678,0.1021811934778242,261.4883728027343700,0.1143521319015615,0.5242061163715051,0.8438788642265382,52.5257148742675780,0.0000000000000000,0.0000000000000000,0.0000000000000000,1.0000000000000000
-0.0140220379051599,0.8537806450705469,-0.5204440340285469,-104.0669479370117200,-0.9930186403229218,0.0490764845546017,0.1072635941733149,261.9387817382812500,0.1171211442234147,0.5183146812185459,0.8471319429753049,53.2933807373046880,0.0000000000000000,0.0000000000000000,0.0000000000000000,1.0000000000000000
-0.0181755676696393,0.8575155923264499,-0.5141368083077735,-103.0296783447265600,-0.9925886649560428,0.0463214468129135,0.1123479673422671,262.3354492187500000,0.1201556945827665,0.5123683562459497,0.8503183383751973,54.0500984191894530,0.0000000000000000,0.0000000000000000,0.0000000000000000,1.0000000000000000
-0.0219624830798910,0.8612521701912271,-0.5077030122796863,-102.0198745727539100,-0.9921039519568441,0.0439466648352419,0.1174667576868933,262.6856689453125000,0.1234803540996620,0.5062740265812189,0.8534865037952629,54.8042373657226560,0.0000000000000000,0.0000000000000000,0.0000000000000000,1.0000000000000000
-0.0253788843129788,0.8650450302656276,-0.5010519013473234,-101.0357208251953100,-0.9915626668048547,0.0419518871383081,0.1226520157371225,262.9966430664062500,0.1271195894812170,0.4999371308257410,0.8566816650260777,55.5641555786132810,0.0000000000000000,0.0000000000000000,0.0000000000000000,1.0000000000000000
-0.0284206422061278,0.8689454161629605,-0.4940912171107382,-100.0754013061523400,-0.9909619800361426,0.0403340442388610,0.1279356048884960,263.2756958007812500,0.1310977544408714,0.4932616228784852,0.8599455507041384,56.3382186889648440,0.0000000000000000,0.0000000000000000,0.0000000000000000,1.0000000000000000
-0.0310839328483259,0.8730008332623057,-0.4867271661228709,-99.1371154785156250,-0.9902979544161052,0.0390866350101859,0.1333499022978960,263.5301208496093700,0.1354391029132970,0.4861499563785855,0.8633159730452927,57.1347923278808590,0.0000000000000000,0.0000000000000000,0.0000000000000000,1.0000000000000000
-0.0333648513462379,0.8772546468444793,-0.4788643558299275,-98.2190399169921880,-0.9895654591690247,0.0381997903299923,0.1389279598869216,263.7671203613281200,0.1401677163766354,0.4785029368859846,0.8668263670870000,57.9622421264648440,0.0000000000000000,0.0000000000000000,0.0000000000000000,1.0000000000000000
-0.0352594259546047,0.8817455030226684,-0.4704058256236344,-97.3193664550781250,-0.9887580584109555,0.0376599928269140,0.1447039283076794,263.9939880371093700,0.1453075180737355,0.4702197282543324,0.8705051018527534,58.8289260864257810,0.0000000000000000,0.0000000000000000,0.0000000000000000,1.0000000000000000
-0.0311124831583019,0.8885458966075313,-0.4577315840245710,-96.8931045532226560,-0.9871163880123648,0.0445953596603430,0.1536635624153863,263.7336120605468700,0.1569498324597611,0.4566152028992062,0.8757107436660633,59.6744575500488280,0.0000000000000000,0.0000000000000000,0.0000000000000000,1.0000000000000000
-0.0200799886525172,0.8972929469549653,-0.4409786405264870,-96.9258270263671880,-0.9844041313831400,0.0593580817176267,0.1656053267579544,262.8280944824218700,0.1747721378581841,0.4374265486680907,0.8821069744360953,60.7332572937011720,0.0000000000000000,0.0000000000000000,0.0000000000000000,1.0000000000000000
-0.0093261450596220,0.9049142248048983,-0.4254917963534395,-96.7115707397460940,-0.9818872453339669,0.0722383686229486,0.1751543763346187,261.7635498046875000,0.1892365199130473,0.4194184829552042,0.8878500299525557,62.4559249877929690,0.0000000000000000,0.0000000000000000,0.0000000000000000,1.0000000000000000
-0.0012801311127934,0.9109218967983611,-0.4125768524743116,-96.0752029418945310,-0.9801810626269993,0.0805884468706674,0.1809712316871942,260.7760925292968700,0.1980995853901279,0.4046316845777768,0.8927652289958485,64.7790908813476560,0.0000000000000000,0.0000000000000000,0.0000000000000000,1.0000000000000000
0.0064821075563737,0.9164537979511409,-0.4000880134452380,-95.3381729125976560,-0.9785921672689756,0.0881179683127311,0.1859908433774249,259.7661743164062500,0.2057069576884479,0.3903173835244414,0.8974056984871431,67.3106765747070310,0.0000000000000000,0.0000000000000000,0.0000000000000000,1.0000000000000000
0.0141679905848147,0.9216005552148292,-0.3878810187035542,-94.5394058227539060,-0.9770625870631478,0.0951939958204371,0.1904909554840008,258.7165222167968700,0.2124805144107515,0.3762851575433942,0.9018101303535493,70.0082321166992190,0.0000000000000000,0.0000000000000000,0.0000000000000000,1.0000000000000000
0.0219819777937988,0.9264307266051560,-0.3758229655757025,-93.7178039550781250,-0.9755132531853507,0.1021603515451367,0.1947746272796025,257.6098022460937500,0.2188394057568402,0.3623387522388640,0.9059911385405358,72.8292922973632810,0.0000000000000000,0.0000000000000000,0.0000000000000000,1.0000000000000000
0.0301238916605561,0.9309927532997451,-0.3637925843864645,-92.9122924804687500,-0.9738466930872884,0.1093370644868498,0.1991683325540257,256.4286499023437500,0.2252002875534922,0.3482784800023657,0.9099378719742717,75.7313995361328120,0.0000000000000000,0.0000000000000000,0.0000000000000000,1.0000000000000000
0.0387888649304054,0.9353155286968473,-0.3516820804874028,-92.1617965698242190,-0.9719474853236508,0.1170204448061294,0.2040203452364670,255.1557769775390600,0.2319773905587403,0.3339027961486889,0.9136166663287425,78.6720962524414060,0.0000000000000000,0.0000000000000000,0.0000000000000000,1.0000000000000000
0.0497373042869237,0.9391569633898576,-0.3398682078079849,-91.7613449096679690,-0.9693943654118938,0.1273068428548754,0.2099226811709387,253.3071441650390600,0.2404178963179353,0.3190253373615734,0.9167453677283528,81.9130706787109380,0.0000000000000000,0.0000000000000000,0.0000000000000000,1.0000000000000000
0.0630054640361332,0.9426555394365330,-0.3277664495814214,-91.0313949584960940,-0.9671182537015979,0.1387517337043850,0.2131437068064613,251.1674652099609400,0.2463992590467002,0.3035596981874346,0.9204014965098605,86.0225906372070310,0.0000000000000000,0.0000000000000000,0.0000000000000000,1.0000000000000000
0.0770159088338937,0.9459567043353344,-0.3150150207680929,-89.6859893798828130,-0.9655973762134062,0.1494758946490005,0.2127878379246956,249.2217254638671900,0.2483752339430704,0.2877896287949124,0.9249253335928319,90.7249221801757810,0.0000000000000000,0.0000000000000000,0.0000000000000000,1.0000000000000000
0.0915159060959466,0.9488095218508231,-0.3023000664516136,-88.3331909179687500,-0.9639513207631357,0.1605741089764494,0.2121645746241011,247.2328948974609400,0.2498453324167660,0.2719861150346309,0.9293012768192693,95.4953308105468750,0.0000000000000000,0.0000000000000000,0.0000000000000000,1.0000000000000000
0.1061669812923261,0.9512955674011351,-0.2894223825591716,-86.8910827636718750,-0.9622095170216509,0.1716907252797340,0.2113649455465123,245.2537841796875000,0.2507616745761522,0.2560449927178259,0.9335735344727228,100.3777008056640600,0.0000000000000000,0.0000000000000000,0.0000000000000000,1.0000000000000000
0.1206341252543161,0.9535052446891071,-0.2761795723338203,-85.2777404785156250,-0.9604208058691268,0.1824702095652137,0.2104673330351388,243.3372344970703100,0.2510762503261171,0.2398590648101358,0.9377784096206226,105.4159164428710900,0.0000000000000000,0.0000000000000000,0.0000000000000000,1.0000000000000000
0.1345851667887123,0.9555367956304183,-0.2623666615193455,-83.4112472534179690,-0.9586531720038131,0.1925576778050421,0.2095367187997302,241.5360565185546900,0.2507407599244328,0.2233180980455501,0.9419437872812984,110.6538619995117200,0.0000000000000000,0.0000000000000000,0.0000000000000000,1.0000000000000000
0.1476912463074957,0.9574935375362274,-0.2477769588571542,-81.2096786499023440,-0.9569921211048156,0.2016005121627840,0.2086224188312685,239.9030609130859400,0.2497065796238551,0.2063088923727341,0.9460884023284987,116.1354217529296900,0.0000000000000000,0.0000000000000000,0.0000000000000000,1.0000000000000000
0.1610076625775316,0.9590064309213371,-0.2332020541136774,-78.8134078979492190,-0.9551364813818387,0.2109166278566086,0.2079145931076449,238.5214233398437500,0.2485776227355158,0.1892639467651344,0.9499412213026888,121.9177398681640600,0.0000000000000000,0.0000000000000000,0.0000000000000000,1.0000000000000000
0.1740838735315633,0.9602783297853681,-0.2180833196759228,-76.0374984741210940,-0.9533399554319435,0.2198215126466755,0.2069333998047375,237.4126129150390600,0.2466530647554709,0.1718837744592302,0.9537390805269448,128.1091918945312500,0.0000000000000000,0.0000000000000000,0.0000000000000000,1.0000000000000000
0.1843638364215913,0.9622709633632878,-0.2001113911995088,-72.3120803833007810,-0.9526191724742665,0.2250636775281423,0.2046046267608630,236.5369110107421900,0.2419228969203958,0.1529082539479097,0.9581713718433906,134.8305358886718700,0.0000000000000000,0.0000000000000000,0.0000000000000000,1.0000000000000000
0.1892991772031170,0.9658484494496260,-0.1769253916371991,-67.0672912597656250,-0.9540299372212527,0.2235511503793872,0.1996290611350596,235.8545837402343700,0.2323632939942014,0.1310025032577851,0.9637663844232991,142.2025146484375000,0.0000000000000000,0.0000000000000000,0.0000000000000000,1.0000000000000000
0.1888995542779765,0.9707013958440293,-0.1485118126616025,-60.4223480224609370,-0.9576120614378658,0.2155831082649214,0.1910577483892142,235.3056793212890600,0.2174766612358736,0.1061259795586749,0.9702789177759190,150.2810668945312500,0.0000000000000000,0.0000000000000000,0.0000000000000000,1.0000000000000000
0.1854714215740652,0.9756434297268389,-0.1171334700678934,-53.0004463195800780,-0.9622615145201274,0.2044841243573602,0.1795522780675147,234.8535003662109400,0.1991309354488294,0.0794112140484853,0.9767500855544472,158.8773345947265600,0.0000000000000000,0.0000000000000000,0.0000000000000000,1.0000000000000000
0.1798913830262700,0.9801030013337108,-0.0838880032516438,-44.9876976013183590,-0.9672914292854375,0.1917536389416199,0.1660657483757029,234.4931488037109400,0.1788473682888044,0.0512703494165862,0.9825400603165603,167.7448883056640600,0.0000000000000000,0.0000000000000000,0.0000000000000000,1.0000000000000000
0.1730819232362688,0.9836454419924633,-0.0498426754527274,-36.5701942443847660,-0.9721233728670824,0.1787436827806291,0.1517459844330164,234.2197418212890600,0.1581733092982560,0.0221887429447773,0.9871620251570503,176.6372833251953100,0.0000000000000000,0.0000000000000000,0.0000000000000000,1.0000000000000000
0.1660186255676726,0.9859929795817960,-0.0159893770995862,-27.9340496063232420,-0.9763225345146311,0.1666273795002207,0.1379479068337626,234.0283966064453100,0.1386799356920385,-0.0072911327173004,0.9903104133655016,185.3080749511718700,0.0000000000000000,0.0000000000000000,0.0000000000000000,1.0000000000000000
0.1597223485127642,0.9870194203256856,0.0167760330684881,-19.2653560638427730,-0.9795998157741654,0.1563764270648475,0.1262165361339539,233.9142456054687500,0.1219547962188792,-0.0365934004757735,0.9918608524993974,193.5108337402343700,0.0000000000000000,0.0000000000000000,0.0000000000000000,1.0000000000000000
0.1536428579217711,0.9868743889921584,0.0497273824063190,-10.0181140899658200,-0.9821025501067272,0.1469643156773987,0.1177967359112190,234.0575561523437500,0.1089424310518819,-0.0669360162306341,0.9917918715374099,201.0792999267578100,0.0000000000000000,0.0000000000000000,0.0000000000000000,1.0000000000000000
0.1470312022524889,0.9856232020821744,0.0832389877489442,-0.0266947746276855,-0.9841646371163992,0.1373508264478338,0.1120478358721997,234.4709777832031200,0.0990040030187368,-0.0983953961899551,0.9902103581537046,208.1032867431640600,0.0000000000000000,0.0000000000000000,0.0000000000000000,1.0000000000000000
0.1406286838496023,0.9833442042157763,0.1151423002808717,9.9522380828857422,-0.9858389050885811,0.1283478729271192,0.1079281090765132,234.8981323242187500,0.0913522112073719,-0.1286895471680816,0.9874683660539195,214.7204132080078100,0.0000000000000000,0.0000000000000000,0.0000000000000000,1.0000000000000000
0.1351716073378047,0.9804072181199546,0.1432840648083593,19.1620197296142580,-0.9871527788450738,0.1208212828236016,0.1045543343688251,235.0827026367187500,0.0851940595825973,-0.1555760401705578,0.9841433167667634,221.0683441162109400,0.0000000000000000,0.0000000000000000,0.0000000000000000,1.0000000000000000
0.1301615127449742,0.9772450315427174,0.1674817271376593,27.5483322143554690,-0.9881715276946385,0.1140467978846513,0.1025200455808617,235.0719757080078100,0.0810864504931891,-0.1788448383860461,0.9805302194879486,227.0758819580078100,0.0000000000000000,0.0000000000000000,0.0000000000000000,1.0000000000000000
0.1251137801375055,0.9738997557543828,0.1893827018533042,35.5825538635253910,-0.9889831347707598,0.1072012898724745,0.1020795894813388,235.0224304199218700,0.0791132173451751,-0.2000678614651320,0.9765827920100088,232.7309417724609400,0.0000000000000000,0.0000000000000000,0.0000000000000000,1.0000000000000000
0.1207792144348558,0.9703050069738197,0.2095723617322542,43.2965698242187500,-0.9896285256059363,0.1011549354617936,0.1019953937133488,234.8414306640625000,0.0777673624827266,-0.2197177108775169,0.9724589270808429,238.2597503662109400,0.0000000000000000,0.0000000000000000,0.0000000000000000,1.0000000000000000
0.1179060427804766,0.9663533150504562,0.2286032273762605,50.7222595214843750,-0.9901473396309525,0.0968944362170113,0.1010926013708949,234.4363555908203100,0.0755407896278265,-0.2382703059996805,0.9682566035825541,243.8885650634765600,0.0000000000000000,0.0000000000000000,0.0000000000000000,1.0000000000000000
0.1172404801748649,0.9618942281192368,0.2470104526518355,57.8915023803710940,-0.9905677258230431,0.0955029220176823,0.0982587016189853,233.7145996093750000,0.0709242579526316,-0.2562004796970178,0.9640181864658396,249.8436279296875000,0.0000000000000000,0.0000000000000000,0.0000000000000000,1.0000000000000000
0.1218888351125506,0.9570029775664697,0.2632269226424543,64.3003311157226560,-0.9906426349530370,0.1008925877222285,0.0919122165765595,232.2134704589843700,0.0614026195549456,-0.2719668852482293,0.9603456313433029,256.4432678222656200,0.0000000000000000,0.0000000000000000,0.0000000000000000,1.0000000000000000
0.1312798596153044,0.9518321683319676,0.2770940666774568,69.9377670288085940,-0.9901813266703146,0.1123580704427085,0.0831661248334135,230.0041503906250000,0.0480264382689528,-0.2852914077480362,0.9572367909207952,263.5301818847656200,0.0000000000000000,0.0000000000000000,0.0000000000000000,1.0000000000000000
0.1406475984766836,0.9463030776455452,0.2910820129814124,75.5752029418945310,-0.9894534904697141,0.1240621730574145,0.0747687596096898,227.7948455810546900,0.0346416402619888,-0.2985281602375925,0.9537719299209414,270.6170959472656200,0.0000000000000000,0.0000000000000000,0.0000000000000000,1.0000000000000000
